_id,timestamp,device_id,battery_start,battery_end,double_end_timestamp
9,1499756525862,0c735596-1a1c-4a35-bb02-55d90c4f86ac,20,30,1499758307211
10,1499758313285,0c735596-1a1c-4a35-bb02-55d90c4f86ac,30,55,1499760725311
11,1499761478380,0c735596-1a1c-4a35-bb02-55d90c4f86ac,50,100,1499776534881
12,1499779433153,0c735596-1a1c-4a35-bb02-55d90c4f86ac,77,100,1499810424721
13,1499820585123,0c735596-1a1c-4a35-bb02-55d90c4f86ac,65,100,1499826384695
14,1499826786824,0c735596-1a1c-4a35-bb02-55d90c4f86ac,95,100,1499830309449
15,1499833936684,0c735596-1a1c-4a35-bb02-55d90c4f86ac,63,66,1499834323083
16,1499835063731,0c735596-1a1c-4a35-bb02-55d90c4f86ac,63,100,1499839986799
20,1499837442332,08da45e3-bc56-4425-bad2-55d191676b79,51,100,1499858930854
17,1499840422044,0c735596-1a1c-4a35-bb02-55d90c4f86ac,97,100,1499842587301
18,1499843176534,0c735596-1a1c-4a35-bb02-55d90c4f86ac,91,100,1499853734772
21,1499859055257,08da45e3-bc56-4425-bad2-55d191676b79,99,100,1499859313840
19,1499896403509,0c735596-1a1c-4a35-bb02-55d90c4f86ac,89,100,1499900411068
22,1499906546131,08da45e3-bc56-4425-bad2-55d191676b79,3,9,1499906945217
23,1499906962591,08da45e3-bc56-4425-bad2-55d191676b79,9,25,1499907887959
39,1499907582840,0c735596-1a1c-4a35-bb02-55d90c4f86ac,78,100,1499925691458
24,1499907894282,08da45e3-bc56-4425-bad2-55d191676b79,25,57,1499910876314
25,1499910876583,08da45e3-bc56-4425-bad2-55d191676b79,57,72,1499913359922
26,1499913431255,08da45e3-bc56-4425-bad2-55d191676b79,71,71,1499913545715
27,1499913547243,08da45e3-bc56-4425-bad2-55d191676b79,71,71,1499913576780
28,1499913577852,08da45e3-bc56-4425-bad2-55d191676b79,71,71,1499913640805
29,1499913641710,08da45e3-bc56-4425-bad2-55d191676b79,71,71,1499913896548
30,1499913951050,08da45e3-bc56-4425-bad2-55d191676b79,70,70,1499913955074
548,1499914785103,815717e9-cd15-4d4e-b35c-a0206bc0aa24,35,100,1499934069887
40,1499931582826,0c735596-1a1c-4a35-bb02-55d90c4f86ac,93,100,1499932645660
485,1499932146451,53f52117-1170-4972-af68-8ecbe2132e72,47,100,1499944411459
549,1499934072252,815717e9-cd15-4d4e-b35c-a0206bc0aa24,100,100,1499934073018
550,1499934073889,815717e9-cd15-4d4e-b35c-a0206bc0aa24,100,100,1499934073978
551,1499934074380,815717e9-cd15-4d4e-b35c-a0206bc0aa24,100,100,1499934075852
552,1499934076299,815717e9-cd15-4d4e-b35c-a0206bc0aa24,100,100,1499936412127
41,1499934617903,0c735596-1a1c-4a35-bb02-55d90c4f86ac,95,100,1499935548137
42,1499936183855,0c735596-1a1c-4a35-bb02-55d90c4f86ac,91,100,1499940363275
553,1499936414946,815717e9-cd15-4d4e-b35c-a0206bc0aa24,100,100,1499937358099
554,1499937359816,815717e9-cd15-4d4e-b35c-a0206bc0aa24,100,100,1499937362981
555,1499937371464,815717e9-cd15-4d4e-b35c-a0206bc0aa24,100,100,1499937373788
556,1499937373878,815717e9-cd15-4d4e-b35c-a0206bc0aa24,100,100,1499937397392
557,1499937397620,815717e9-cd15-4d4e-b35c-a0206bc0aa24,100,100,1499940609294
31,1499948214564,08da45e3-bc56-4425-bad2-55d191676b79,7,7,1499948215110
32,1499948217980,08da45e3-bc56-4425-bad2-55d191676b79,7,7,1499948226428
33,1499948230814,08da45e3-bc56-4425-bad2-55d191676b79,7,24,1499949565752
34,1499949609405,08da45e3-bc56-4425-bad2-55d191676b79,23,62,1499953474473
43,1499953644931,0c735596-1a1c-4a35-bb02-55d90c4f86ac,73,97,1499983210298
35,1499965803827,08da45e3-bc56-4425-bad2-55d191676b79,21,90,1499972950694
36,1499978605270,08da45e3-bc56-4425-bad2-55d191676b79,54,96,1499983308766
558,1499980980347,815717e9-cd15-4d4e-b35c-a0206bc0aa24,36,55,1499983163654
559,1499983164027,815717e9-cd15-4d4e-b35c-a0206bc0aa24,55,55,1499983164663
560,1499983166144,815717e9-cd15-4d4e-b35c-a0206bc0aa24,55,55,1499983236595
561,1499983239837,815717e9-cd15-4d4e-b35c-a0206bc0aa24,55,57,1499983427589
562,1499983427819,815717e9-cd15-4d4e-b35c-a0206bc0aa24,57,64,1499984068521
563,1499984082055,815717e9-cd15-4d4e-b35c-a0206bc0aa24,64,65,1499984169481
564,1499984169812,815717e9-cd15-4d4e-b35c-a0206bc0aa24,65,73,1499985226067
565,1499985226183,815717e9-cd15-4d4e-b35c-a0206bc0aa24,73,73,1499985226218
566,1499985228795,815717e9-cd15-4d4e-b35c-a0206bc0aa24,73,74,1499985469682
44,1499993531521,0c735596-1a1c-4a35-bb02-55d90c4f86ac,57,89,1499995986547
92,1499993718750,94311892-eecf-4de6-b127-2639da1764a7,24,24,1499993720509
93,1499993723048,94311892-eecf-4de6-b127-2639da1764a7,24,24,1499993723367
94,1499993725320,94311892-eecf-4de6-b127-2639da1764a7,24,24,1499993731353
95,1499993746885,94311892-eecf-4de6-b127-2639da1764a7,24,25,1499993880117
96,1499993880213,94311892-eecf-4de6-b127-2639da1764a7,25,25,1499993888027
97,1499993892035,94311892-eecf-4de6-b127-2639da1764a7,25,25,1499993892184
98,1499993892222,94311892-eecf-4de6-b127-2639da1764a7,25,25,1499993892767
99,1499993893960,94311892-eecf-4de6-b127-2639da1764a7,25,25,1499993894706
100,1499993896717,94311892-eecf-4de6-b127-2639da1764a7,25,25,1499993898316
101,1499993900549,94311892-eecf-4de6-b127-2639da1764a7,25,25,1499993901479
102,1499993902498,94311892-eecf-4de6-b127-2639da1764a7,25,25,1499993903290
103,1499993904448,94311892-eecf-4de6-b127-2639da1764a7,25,25,1499993906536
104,1499993913118,94311892-eecf-4de6-b127-2639da1764a7,25,25,1499993918228
105,1499993929410,94311892-eecf-4de6-b127-2639da1764a7,25,25,1499993939166
106,1499993940271,94311892-eecf-4de6-b127-2639da1764a7,25,25,1499993941145
107,1499993941953,94311892-eecf-4de6-b127-2639da1764a7,25,25,1499993942702
108,1499993944741,94311892-eecf-4de6-b127-2639da1764a7,25,25,1499993953825
109,1499993954731,94311892-eecf-4de6-b127-2639da1764a7,25,25,1499993958910
110,1499993959951,94311892-eecf-4de6-b127-2639da1764a7,25,25,1499993962990
111,1499993966009,94311892-eecf-4de6-b127-2639da1764a7,25,25,1499993967760
112,1499993968893,94311892-eecf-4de6-b127-2639da1764a7,25,25,1499993969761
113,1499993970860,94311892-eecf-4de6-b127-2639da1764a7,25,25,1499993986173
114,1499993987874,94311892-eecf-4de6-b127-2639da1764a7,25,25,1499993988728
115,1499993989814,94311892-eecf-4de6-b127-2639da1764a7,25,25,1499993991766
116,1499993993749,94311892-eecf-4de6-b127-2639da1764a7,25,25,1499993994559
117,1499993995865,94311892-eecf-4de6-b127-2639da1764a7,25,25,1499993996535
118,1499993997659,94311892-eecf-4de6-b127-2639da1764a7,25,25,1499994004725
119,1499994004818,94311892-eecf-4de6-b127-2639da1764a7,25,25,1499994005254
120,1499994007170,94311892-eecf-4de6-b127-2639da1764a7,25,25,1499994013900
121,1499994024354,94311892-eecf-4de6-b127-2639da1764a7,25,25,1499994024912
122,1499994026074,94311892-eecf-4de6-b127-2639da1764a7,25,25,1499994026914
123,1499994028070,94311892-eecf-4de6-b127-2639da1764a7,25,25,1499994028845
124,1499994029969,94311892-eecf-4de6-b127-2639da1764a7,25,25,1499994034259
125,1499994037399,94311892-eecf-4de6-b127-2639da1764a7,25,25,1499994041656
126,1499994063591,94311892-eecf-4de6-b127-2639da1764a7,25,25,1499994064399
127,1499994066818,94311892-eecf-4de6-b127-2639da1764a7,25,25,1499994067603
128,1499994068528,94311892-eecf-4de6-b127-2639da1764a7,25,25,1499994070329
129,1499994072252,94311892-eecf-4de6-b127-2639da1764a7,25,25,1499994073102
130,1499994083104,94311892-eecf-4de6-b127-2639da1764a7,25,25,1499994087330
131,1499994101953,94311892-eecf-4de6-b127-2639da1764a7,25,25,1499994102803
132,1499994104827,94311892-eecf-4de6-b127-2639da1764a7,25,25,1499994110738
133,1499994111877,94311892-eecf-4de6-b127-2639da1764a7,25,25,1499994119425
134,1499994119902,94311892-eecf-4de6-b127-2639da1764a7,25,25,1499994120581
135,1499994121776,94311892-eecf-4de6-b127-2639da1764a7,25,25,1499994123418
136,1499994135448,94311892-eecf-4de6-b127-2639da1764a7,25,25,1499994137288
137,1499994138496,94311892-eecf-4de6-b127-2639da1764a7,25,25,1499994146370
138,1499994147554,94311892-eecf-4de6-b127-2639da1764a7,25,25,1499994151551
139,1499994152764,94311892-eecf-4de6-b127-2639da1764a7,25,25,1499994153596
140,1499994161818,94311892-eecf-4de6-b127-2639da1764a7,25,25,1499994162604
141,1499994163802,94311892-eecf-4de6-b127-2639da1764a7,25,25,1499994165693
142,1499994167694,94311892-eecf-4de6-b127-2639da1764a7,25,25,1499994168574
143,1499994169722,94311892-eecf-4de6-b127-2639da1764a7,25,25,1499994170548
144,1499994171659,94311892-eecf-4de6-b127-2639da1764a7,25,25,1499994172471
145,1499994173587,94311892-eecf-4de6-b127-2639da1764a7,25,25,1499994174468
146,1499994176474,94311892-eecf-4de6-b127-2639da1764a7,25,25,1499994178113
147,1499994181463,94311892-eecf-4de6-b127-2639da1764a7,25,25,1499994182253
148,1499994184276,94311892-eecf-4de6-b127-2639da1764a7,25,25,1499994185093
149,1499994186163,94311892-eecf-4de6-b127-2639da1764a7,25,25,1499994187031
150,1499994188209,94311892-eecf-4de6-b127-2639da1764a7,25,25,1499994189008
151,1499994190136,94311892-eecf-4de6-b127-2639da1764a7,25,25,1499994190944
152,1499994192124,94311892-eecf-4de6-b127-2639da1764a7,25,25,1499994192921
153,1499994194069,94311892-eecf-4de6-b127-2639da1764a7,25,25,1499994194918
154,1499994197356,94311892-eecf-4de6-b127-2639da1764a7,25,25,1499994198756
155,1499994199930,94311892-eecf-4de6-b127-2639da1764a7,25,25,1499994200800
156,1499994201942,94311892-eecf-4de6-b127-2639da1764a7,25,25,1499994202750
157,1499994203870,94311892-eecf-4de6-b127-2639da1764a7,25,25,1499994204704
158,1499994205835,94311892-eecf-4de6-b127-2639da1764a7,25,25,1499994206619
159,1499994207793,94311892-eecf-4de6-b127-2639da1764a7,25,25,1499994208698
160,1499994209766,94311892-eecf-4de6-b127-2639da1764a7,25,25,1499994210527
161,1499994211705,94311892-eecf-4de6-b127-2639da1764a7,25,25,1499994221055
162,1499994221358,94311892-eecf-4de6-b127-2639da1764a7,25,25,1499994222165
163,1499994230022,94311892-eecf-4de6-b127-2639da1764a7,25,25,1499994230823
164,1499994233035,94311892-eecf-4de6-b127-2639da1764a7,25,25,1499994233857
165,1499994235056,94311892-eecf-4de6-b127-2639da1764a7,25,25,1499994235854
166,1499994236938,94311892-eecf-4de6-b127-2639da1764a7,25,25,1499994246385
167,1499994246658,94311892-eecf-4de6-b127-2639da1764a7,25,25,1499994259282
168,1499994259525,94311892-eecf-4de6-b127-2639da1764a7,25,25,1499994261163
169,1499994262293,94311892-eecf-4de6-b127-2639da1764a7,25,25,1499994267460
170,1499994272923,94311892-eecf-4de6-b127-2639da1764a7,26,26,1499994274538
171,1499994274867,94311892-eecf-4de6-b127-2639da1764a7,26,26,1499994277519
172,1499994278655,94311892-eecf-4de6-b127-2639da1764a7,26,26,1499994279513
173,1499994280724,94311892-eecf-4de6-b127-2639da1764a7,26,26,1499994284102
174,1499994293041,94311892-eecf-4de6-b127-2639da1764a7,26,26,1499994293863
175,1499994295066,94311892-eecf-4de6-b127-2639da1764a7,26,26,1499994295880
176,1499994297044,94311892-eecf-4de6-b127-2639da1764a7,26,26,1499994297845
177,1499994298954,94311892-eecf-4de6-b127-2639da1764a7,26,26,1499994299765
178,1499994301752,94311892-eecf-4de6-b127-2639da1764a7,26,26,1499994302569
179,1499994303730,94311892-eecf-4de6-b127-2639da1764a7,26,26,1499994306261
180,1499994308528,94311892-eecf-4de6-b127-2639da1764a7,26,26,1499994312825
181,1499994317871,94311892-eecf-4de6-b127-2639da1764a7,26,26,1499994320819
182,1499994321979,94311892-eecf-4de6-b127-2639da1764a7,26,26,1499994327064
183,1499994328258,94311892-eecf-4de6-b127-2639da1764a7,26,26,1499994354758
184,1499994355942,94311892-eecf-4de6-b127-2639da1764a7,26,26,1499994356754
185,1499994357902,94311892-eecf-4de6-b127-2639da1764a7,26,26,1499994358758
186,1499994359902,94311892-eecf-4de6-b127-2639da1764a7,26,26,1499994360729
187,1499994361827,94311892-eecf-4de6-b127-2639da1764a7,26,26,1499994364306
188,1499994366675,94311892-eecf-4de6-b127-2639da1764a7,26,26,1499994367485
189,1499994368652,94311892-eecf-4de6-b127-2639da1764a7,26,26,1499994369431
190,1499994370552,94311892-eecf-4de6-b127-2639da1764a7,26,26,1499994377426
191,1499994379672,94311892-eecf-4de6-b127-2639da1764a7,26,26,1499994384832
192,1499994418663,94311892-eecf-4de6-b127-2639da1764a7,26,26,1499994420380
193,1499994420934,94311892-eecf-4de6-b127-2639da1764a7,26,26,1499994426310
194,1499994427525,94311892-eecf-4de6-b127-2639da1764a7,26,26,1499994436320
195,1499994437494,94311892-eecf-4de6-b127-2639da1764a7,26,26,1499994438342
196,1499994439454,94311892-eecf-4de6-b127-2639da1764a7,26,26,1499994440309
197,1499994441429,94311892-eecf-4de6-b127-2639da1764a7,26,26,1499994442258
198,1499994443383,94311892-eecf-4de6-b127-2639da1764a7,26,26,1499994444213
199,1499994445388,94311892-eecf-4de6-b127-2639da1764a7,26,26,1499994495981
200,1499994497198,94311892-eecf-4de6-b127-2639da1764a7,27,27,1499994508898
201,1499994510023,94311892-eecf-4de6-b127-2639da1764a7,27,27,1499994510892
202,1499994531331,94311892-eecf-4de6-b127-2639da1764a7,27,27,1499994532182
203,1499994533230,94311892-eecf-4de6-b127-2639da1764a7,27,27,1499994535766
204,1499994538012,94311892-eecf-4de6-b127-2639da1764a7,27,27,1499994538860
205,1499994539968,94311892-eecf-4de6-b127-2639da1764a7,27,27,1499994540776
206,1499994541930,94311892-eecf-4de6-b127-2639da1764a7,27,27,1499994547294
207,1499994549262,94311892-eecf-4de6-b127-2639da1764a7,27,27,1499994550065
208,1499994551217,94311892-eecf-4de6-b127-2639da1764a7,27,27,1499994555455
209,1499994557752,94311892-eecf-4de6-b127-2639da1764a7,27,27,1499994558582
210,1499994560795,94311892-eecf-4de6-b127-2639da1764a7,27,27,1499994563328
211,1499994563644,94311892-eecf-4de6-b127-2639da1764a7,27,27,1499994564369
212,1499994565558,94311892-eecf-4de6-b127-2639da1764a7,27,27,1499994566353
213,1499994567478,94311892-eecf-4de6-b127-2639da1764a7,27,27,1499994568332
214,1499994569455,94311892-eecf-4de6-b127-2639da1764a7,27,27,1499994571299
215,1499994572531,94311892-eecf-4de6-b127-2639da1764a7,27,27,1499994573341
216,1499994574480,94311892-eecf-4de6-b127-2639da1764a7,27,27,1499994575225
217,1499994576408,94311892-eecf-4de6-b127-2639da1764a7,27,27,1499994577290
218,1499994578406,94311892-eecf-4de6-b127-2639da1764a7,27,27,1499994581768
219,1499994584834,94311892-eecf-4de6-b127-2639da1764a7,27,27,1499994585621
220,1499994586763,94311892-eecf-4de6-b127-2639da1764a7,27,27,1499994592717
221,1499994594987,94311892-eecf-4de6-b127-2639da1764a7,27,27,1499994597566
222,1499994600896,94311892-eecf-4de6-b127-2639da1764a7,27,27,1499994601747
223,1499994602835,94311892-eecf-4de6-b127-2639da1764a7,27,27,1499994603648
224,1499994605678,94311892-eecf-4de6-b127-2639da1764a7,27,27,1499994606469
225,1499994607629,94311892-eecf-4de6-b127-2639da1764a7,27,27,1499994608426
226,1499994616268,94311892-eecf-4de6-b127-2639da1764a7,27,27,1499994617079
227,1499994619299,94311892-eecf-4de6-b127-2639da1764a7,27,27,1499994628723
228,1499994647688,94311892-eecf-4de6-b127-2639da1764a7,27,27,1499994648435
229,1499994649671,94311892-eecf-4de6-b127-2639da1764a7,27,27,1499994650388
230,1499994651550,94311892-eecf-4de6-b127-2639da1764a7,27,27,1499994652414
231,1499994653598,94311892-eecf-4de6-b127-2639da1764a7,27,27,1499994658600
232,1499994660770,94311892-eecf-4de6-b127-2639da1764a7,27,27,1499994661641
233,1499994662766,94311892-eecf-4de6-b127-2639da1764a7,27,27,1499994666825
234,1499994668036,94311892-eecf-4de6-b127-2639da1764a7,27,27,1499994669899
235,1499994671076,94311892-eecf-4de6-b127-2639da1764a7,27,27,1499994671953
236,1499994673010,94311892-eecf-4de6-b127-2639da1764a7,27,27,1499994673878
237,1499994674959,94311892-eecf-4de6-b127-2639da1764a7,27,27,1499994675764
238,1499994676930,94311892-eecf-4de6-b127-2639da1764a7,27,27,1499994678611
239,1499994680849,94311892-eecf-4de6-b127-2639da1764a7,27,27,1499994681705
240,1499994683706,94311892-eecf-4de6-b127-2639da1764a7,27,27,1499994684481
241,1499994685658,94311892-eecf-4de6-b127-2639da1764a7,27,27,1499994686427
242,1499994687620,94311892-eecf-4de6-b127-2639da1764a7,27,27,1499994688415
243,1499994696230,94311892-eecf-4de6-b127-2639da1764a7,27,27,1499994697072
244,1499994698177,94311892-eecf-4de6-b127-2639da1764a7,27,27,1499994703321
245,1499994705543,94311892-eecf-4de6-b127-2639da1764a7,27,27,1499994706380
246,1499994707540,94311892-eecf-4de6-b127-2639da1764a7,27,27,1499994708406
247,1499994709538,94311892-eecf-4de6-b127-2639da1764a7,27,27,1499994720926
248,1499994721296,94311892-eecf-4de6-b127-2639da1764a7,27,27,1499994722205
249,1499994723908,94311892-eecf-4de6-b127-2639da1764a7,27,27,1499994724662
250,1499994725837,94311892-eecf-4de6-b127-2639da1764a7,27,27,1499994726639
251,1499994727774,94311892-eecf-4de6-b127-2639da1764a7,27,27,1499994728596
252,1499994798835,94311892-eecf-4de6-b127-2639da1764a7,27,27,1499994801318
253,1499994801682,94311892-eecf-4de6-b127-2639da1764a7,27,27,1499994804974
254,1499994808319,94311892-eecf-4de6-b127-2639da1764a7,27,27,1499994809097
255,1499994810282,94311892-eecf-4de6-b127-2639da1764a7,27,27,1499994825730
256,1499994827963,94311892-eecf-4de6-b127-2639da1764a7,27,27,1499994828805
257,1499994830827,94311892-eecf-4de6-b127-2639da1764a7,27,27,1499994831651
258,1499994833259,94311892-eecf-4de6-b127-2639da1764a7,27,27,1499994833947
259,1499994834712,94311892-eecf-4de6-b127-2639da1764a7,27,27,1499994839829
260,1499994842174,94311892-eecf-4de6-b127-2639da1764a7,27,27,1499994846835
261,1499994847868,94311892-eecf-4de6-b127-2639da1764a7,27,27,1499994857498
262,1499994858669,94311892-eecf-4de6-b127-2639da1764a7,27,27,1499994868921
263,1499995244641,94311892-eecf-4de6-b127-2639da1764a7,28,28,1499995258131
264,1499995259198,94311892-eecf-4de6-b127-2639da1764a7,28,28,1499995260007
265,1499995261185,94311892-eecf-4de6-b127-2639da1764a7,28,28,1499995262015
266,1499995263350,94311892-eecf-4de6-b127-2639da1764a7,28,28,1499995264001
267,1499995265181,94311892-eecf-4de6-b127-2639da1764a7,28,28,1499995266030
268,1499995267094,94311892-eecf-4de6-b127-2639da1764a7,28,28,1499995267918
269,1499995269119,94311892-eecf-4de6-b127-2639da1764a7,28,28,1499995269917
270,1499995271114,94311892-eecf-4de6-b127-2639da1764a7,28,28,1499995271909
271,1499995272990,94311892-eecf-4de6-b127-2639da1764a7,28,28,1499995280746
272,1499995288220,94311892-eecf-4de6-b127-2639da1764a7,28,28,1499995291497
273,1499995291807,94311892-eecf-4de6-b127-2639da1764a7,28,28,1499995299044
274,1499995300274,94311892-eecf-4de6-b127-2639da1764a7,28,28,1499995301077
275,1499995302237,94311892-eecf-4de6-b127-2639da1764a7,28,28,1499995303032
276,1499995304188,94311892-eecf-4de6-b127-2639da1764a7,28,28,1499995305089
277,1499995306162,94311892-eecf-4de6-b127-2639da1764a7,28,28,1499995306959
278,1499995308144,94311892-eecf-4de6-b127-2639da1764a7,28,28,1499995309787
279,1499995313159,94311892-eecf-4de6-b127-2639da1764a7,28,28,1499995314062
280,1499995315190,94311892-eecf-4de6-b127-2639da1764a7,28,28,1499995321068
281,1499995322317,94311892-eecf-4de6-b127-2639da1764a7,28,28,1499995324163
282,1499995325349,94311892-eecf-4de6-b127-2639da1764a7,28,28,1499995326136
283,1499995327329,94311892-eecf-4de6-b127-2639da1764a7,28,28,1499995328076
284,1499995330125,94311892-eecf-4de6-b127-2639da1764a7,28,28,1499995330886
285,1499995332174,94311892-eecf-4de6-b127-2639da1764a7,28,28,1499995332875
286,1499995334042,94311892-eecf-4de6-b127-2639da1764a7,28,28,1499995360620
287,1499995360977,94311892-eecf-4de6-b127-2639da1764a7,28,28,1499995361690
288,1499995362815,94311892-eecf-4de6-b127-2639da1764a7,28,28,1499995374979
289,1499995377255,94311892-eecf-4de6-b127-2639da1764a7,28,28,1499995378022
290,1499995379124,94311892-eecf-4de6-b127-2639da1764a7,28,28,1499995380841
291,1499995384234,94311892-eecf-4de6-b127-2639da1764a7,28,28,1499995385063
292,1499995386101,94311892-eecf-4de6-b127-2639da1764a7,28,28,1499995386926
293,1499995388125,94311892-eecf-4de6-b127-2639da1764a7,28,28,1499995388906
294,1499995390065,94311892-eecf-4de6-b127-2639da1764a7,28,28,1499995390892
295,1499995392882,94311892-eecf-4de6-b127-2639da1764a7,28,28,1499995393696
296,1499995394876,94311892-eecf-4de6-b127-2639da1764a7,28,28,1499995395701
297,1499995396871,94311892-eecf-4de6-b127-2639da1764a7,28,28,1499995397660
298,1499995399465,94311892-eecf-4de6-b127-2639da1764a7,28,28,1499995399791
299,1499995400793,94311892-eecf-4de6-b127-2639da1764a7,28,28,1499995403485
300,1499995409822,94311892-eecf-4de6-b127-2639da1764a7,28,28,1499995416107
301,1499995416374,94311892-eecf-4de6-b127-2639da1764a7,28,28,1499995432579
302,1499995433744,94311892-eecf-4de6-b127-2639da1764a7,28,28,1499995434539
303,1499995435743,94311892-eecf-4de6-b127-2639da1764a7,28,28,1499995443991
304,1499995444342,94311892-eecf-4de6-b127-2639da1764a7,28,28,1499995446116
305,1499995447298,94311892-eecf-4de6-b127-2639da1764a7,28,28,1499995448099
306,1499995449247,94311892-eecf-4de6-b127-2639da1764a7,28,33,1499995924338
307,1499995925533,94311892-eecf-4de6-b127-2639da1764a7,33,33,1499995926355
308,1499995927514,94311892-eecf-4de6-b127-2639da1764a7,33,33,1499995929146
45,1499997072862,0c735596-1a1c-4a35-bb02-55d90c4f86ac,75,100,1500002657813
309,1499997168547,94311892-eecf-4de6-b127-2639da1764a7,32,84,1500002438514
37,1499998658076,08da45e3-bc56-4425-bad2-55d191676b79,52,58,1499998967142
879,1499999259179,259cc994-877a-4e94-bb4a-06b44c30be47,20,72,1500001242922
38,1499999753384,08da45e3-bc56-4425-bad2-55d191676b79,49,100,1500023498656
880,1500001565143,259cc994-877a-4e94-bb4a-06b44c30be47,70,100,1500004037899
567,1500001575587,815717e9-cd15-4d4e-b35c-a0206bc0aa24,53,100,1500023964282
1151,1500002245312,d58c3cb9-2543-4258-8695-ac3e310ba3ac,5,100,1500023755828
46,1500006851621,0c735596-1a1c-4a35-bb02-55d90c4f86ac,78,100,1500020703865
881,1500015952965,259cc994-877a-4e94-bb4a-06b44c30be47,78,96,1500017072405
47,1500022176475,0c735596-1a1c-4a35-bb02-55d90c4f86ac,82,100,1500026485583
568,1500023964402,815717e9-cd15-4d4e-b35c-a0206bc0aa24,100,100,1500023965608
1152,1500026309370,d58c3cb9-2543-4258-8695-ac3e310ba3ac,92,100,1500028121331
569,1500027573707,815717e9-cd15-4d4e-b35c-a0206bc0aa24,99,99,1500027573902
570,1500027573996,815717e9-cd15-4d4e-b35c-a0206bc0aa24,99,99,1500027574571
486,1500029350325,53f52117-1170-4972-af68-8ecbe2132e72,14,100,1500041416242
882,1500034165573,259cc994-877a-4e94-bb4a-06b44c30be47,28,100,1500039235299
48,1500038155629,0c735596-1a1c-4a35-bb02-55d90c4f86ac,67,67,1500038226118
49,1500038724505,0c735596-1a1c-4a35-bb02-55d90c4f86ac,61,61,1500039736893
487,1500041416476,53f52117-1170-4972-af68-8ecbe2132e72,100,100,1500043445137
50,1500042768090,0c735596-1a1c-4a35-bb02-55d90c4f86ac,34,100,1500078399393
488,1500043445546,53f52117-1170-4972-af68-8ecbe2132e72,100,100,1500045202720
489,1500045204076,53f52117-1170-4972-af68-8ecbe2132e72,100,36,1500385395713
310,1500054495269,94311892-eecf-4de6-b127-2639da1764a7,7,28,1500056641140
311,1500056642216,94311892-eecf-4de6-b127-2639da1764a7,28,61,1500060314891
312,1500060315923,94311892-eecf-4de6-b127-2639da1764a7,61,87,1500063137404
313,1500063138559,94311892-eecf-4de6-b127-2639da1764a7,87,87,1500063139407
314,1500063172574,94311892-eecf-4de6-b127-2639da1764a7,87,95,1500064522355
315,1500064522819,94311892-eecf-4de6-b127-2639da1764a7,95,95,1500064524671
316,1500064545839,94311892-eecf-4de6-b127-2639da1764a7,95,95,1500064546796
317,1500064574685,94311892-eecf-4de6-b127-2639da1764a7,95,95,1500064575642
318,1500064578990,94311892-eecf-4de6-b127-2639da1764a7,95,100,1500065169987
319,1500065170173,94311892-eecf-4de6-b127-2639da1764a7,100,100,1500065173729
320,1500065176181,94311892-eecf-4de6-b127-2639da1764a7,100,100,1500065289233
321,1500065290125,94311892-eecf-4de6-b127-2639da1764a7,100,100,1500065293756
322,1500065345432,94311892-eecf-4de6-b127-2639da1764a7,100,100,1500065356557
323,1500065395941,94311892-eecf-4de6-b127-2639da1764a7,100,100,1500065397770
324,1500065432616,94311892-eecf-4de6-b127-2639da1764a7,100,100,1500065433613
325,1500065435861,94311892-eecf-4de6-b127-2639da1764a7,100,100,1500065436654
326,1500065437889,94311892-eecf-4de6-b127-2639da1764a7,100,100,1500065438549
327,1500065439471,94311892-eecf-4de6-b127-2639da1764a7,100,100,1500065440461
328,1500065441475,94311892-eecf-4de6-b127-2639da1764a7,100,100,1500065447669
329,1500065449785,94311892-eecf-4de6-b127-2639da1764a7,100,100,1500065451584
330,1500065453668,94311892-eecf-4de6-b127-2639da1764a7,100,100,1500065454656
331,1500065455652,94311892-eecf-4de6-b127-2639da1764a7,100,100,1500065458301
332,1500065469927,94311892-eecf-4de6-b127-2639da1764a7,100,100,1500065889164
333,1500065890105,94311892-eecf-4de6-b127-2639da1764a7,100,100,1500065892808
334,1500065905644,94311892-eecf-4de6-b127-2639da1764a7,100,100,1500065906367
335,1500065907658,94311892-eecf-4de6-b127-2639da1764a7,100,100,1500065908774
336,1500065909318,94311892-eecf-4de6-b127-2639da1764a7,100,100,1500065910259
337,1500065962470,94311892-eecf-4de6-b127-2639da1764a7,100,100,1500065966055
338,1500065973119,94311892-eecf-4de6-b127-2639da1764a7,100,100,1500066050264
339,1500066051569,94311892-eecf-4de6-b127-2639da1764a7,100,100,1500066383502
340,1500066384394,94311892-eecf-4de6-b127-2639da1764a7,100,100,1500066501872
341,1500066503178,94311892-eecf-4de6-b127-2639da1764a7,100,100,1500066509015
342,1500066572210,94311892-eecf-4de6-b127-2639da1764a7,100,100,1500066573276
343,1500066587841,94311892-eecf-4de6-b127-2639da1764a7,100,100,1500066588483
344,1500066598120,94311892-eecf-4de6-b127-2639da1764a7,100,100,1500066600815
345,1500066613372,94311892-eecf-4de6-b127-2639da1764a7,100,100,1500066622964
346,1500066623955,94311892-eecf-4de6-b127-2639da1764a7,100,100,1500066626651
347,1500066656017,94311892-eecf-4de6-b127-2639da1764a7,100,100,1500066757373
348,1500066758671,94311892-eecf-4de6-b127-2639da1764a7,100,100,1500066760228
349,1500066764243,94311892-eecf-4de6-b127-2639da1764a7,100,100,1500066766085
350,1500066770128,94311892-eecf-4de6-b127-2639da1764a7,100,100,1500066775482
351,1500066791310,94311892-eecf-4de6-b127-2639da1764a7,100,100,1500066792845
352,1500066796377,94311892-eecf-4de6-b127-2639da1764a7,100,100,1500066803132
353,1500066807020,94311892-eecf-4de6-b127-2639da1764a7,100,100,1500066810663
354,1500066824027,94311892-eecf-4de6-b127-2639da1764a7,100,100,1500067706697
571,1500066910849,815717e9-cd15-4d4e-b35c-a0206bc0aa24,14,59,1500071035983
355,1500067707648,94311892-eecf-4de6-b127-2639da1764a7,100,100,1500067712103
356,1500067726299,94311892-eecf-4de6-b127-2639da1764a7,100,100,1500067726976
357,1500067727909,94311892-eecf-4de6-b127-2639da1764a7,100,100,1500067728917
358,1500067730273,94311892-eecf-4de6-b127-2639da1764a7,100,100,1500067730957
359,1500067733140,94311892-eecf-4de6-b127-2639da1764a7,100,100,1500067733268
360,1500067734211,94311892-eecf-4de6-b127-2639da1764a7,100,100,1500067974574
361,1500067975497,94311892-eecf-4de6-b127-2639da1764a7,100,100,1500067977429
362,1500067992971,94311892-eecf-4de6-b127-2639da1764a7,100,100,1500067993535
363,1500067994437,94311892-eecf-4de6-b127-2639da1764a7,100,100,1500067996086
364,1500067997546,94311892-eecf-4de6-b127-2639da1764a7,100,100,1500069010439
365,1500069011678,94311892-eecf-4de6-b127-2639da1764a7,100,100,1500069015808
366,1500069054173,94311892-eecf-4de6-b127-2639da1764a7,100,100,1500069054924
367,1500069056099,94311892-eecf-4de6-b127-2639da1764a7,100,100,1500069056753
368,1500069058172,94311892-eecf-4de6-b127-2639da1764a7,100,100,1500069068194
369,1500069069160,94311892-eecf-4de6-b127-2639da1764a7,100,100,1500069070160
370,1500069071416,94311892-eecf-4de6-b127-2639da1764a7,100,100,1500069084363
371,1500069111486,94311892-eecf-4de6-b127-2639da1764a7,100,100,1500069128796
372,1500069130117,94311892-eecf-4de6-b127-2639da1764a7,100,100,1500069131684
373,1500069134033,94311892-eecf-4de6-b127-2639da1764a7,100,100,1500069142176
374,1500069162071,94311892-eecf-4de6-b127-2639da1764a7,100,100,1500069164459
375,1500069166536,94311892-eecf-4de6-b127-2639da1764a7,100,100,1500069167580
376,1500069168497,94311892-eecf-4de6-b127-2639da1764a7,100,100,1500069401211
377,1500069402032,94311892-eecf-4de6-b127-2639da1764a7,100,100,1500069405633
378,1500069414273,94311892-eecf-4de6-b127-2639da1764a7,100,100,1500069416169
379,1500069424070,94311892-eecf-4de6-b127-2639da1764a7,100,100,1500069424645
380,1500069425911,94311892-eecf-4de6-b127-2639da1764a7,100,100,1500069447438
381,1500069449827,94311892-eecf-4de6-b127-2639da1764a7,100,100,1500069451361
382,1500069507462,94311892-eecf-4de6-b127-2639da1764a7,100,100,1500069508536
383,1500069509488,94311892-eecf-4de6-b127-2639da1764a7,100,100,1500069510377
384,1500069512485,94311892-eecf-4de6-b127-2639da1764a7,100,100,1500069514307
385,1500069530658,94311892-eecf-4de6-b127-2639da1764a7,100,100,1500069531314
386,1500069532230,94311892-eecf-4de6-b127-2639da1764a7,100,100,1500069535739
387,1500069542982,94311892-eecf-4de6-b127-2639da1764a7,100,100,1500069543754
388,1500069544698,94311892-eecf-4de6-b127-2639da1764a7,100,100,1500071051623
389,1500071052591,94311892-eecf-4de6-b127-2639da1764a7,100,100,1500071054489
390,1500071054576,94311892-eecf-4de6-b127-2639da1764a7,100,100,1500071055645
391,1500071057386,94311892-eecf-4de6-b127-2639da1764a7,100,100,1500071058387
392,1500071089709,94311892-eecf-4de6-b127-2639da1764a7,100,100,1500071262093
393,1500071263096,94311892-eecf-4de6-b127-2639da1764a7,100,100,1500071264094
394,1500071299097,94311892-eecf-4de6-b127-2639da1764a7,100,100,1500071299864
395,1500071300802,94311892-eecf-4de6-b127-2639da1764a7,100,100,1500071302432
396,1500071304723,94311892-eecf-4de6-b127-2639da1764a7,100,100,1500071306464
397,1500071309659,94311892-eecf-4de6-b127-2639da1764a7,100,100,1500071310673
398,1500071313138,94311892-eecf-4de6-b127-2639da1764a7,100,100,1500071316310
399,1500071318781,94311892-eecf-4de6-b127-2639da1764a7,100,100,1500071475082
400,1500071476411,94311892-eecf-4de6-b127-2639da1764a7,100,100,1500071477892
401,1500071497948,94311892-eecf-4de6-b127-2639da1764a7,100,100,1500071498581
402,1500071499564,94311892-eecf-4de6-b127-2639da1764a7,100,100,1500071500538
403,1500071501860,94311892-eecf-4de6-b127-2639da1764a7,100,100,1500072530884
404,1500072532315,94311892-eecf-4de6-b127-2639da1764a7,100,100,1500072532858
405,1500072534152,94311892-eecf-4de6-b127-2639da1764a7,100,100,1500072534802
406,1500072537967,94311892-eecf-4de6-b127-2639da1764a7,100,100,1500072661110
407,1500072662398,94311892-eecf-4de6-b127-2639da1764a7,100,100,1500072663117
408,1500072664414,94311892-eecf-4de6-b127-2639da1764a7,100,100,1500073372382
409,1500073374245,94311892-eecf-4de6-b127-2639da1764a7,100,100,1500073376042
410,1500073378438,94311892-eecf-4de6-b127-2639da1764a7,100,100,1500073379162
411,1500073380924,94311892-eecf-4de6-b127-2639da1764a7,100,100,1500074497870
412,1500074499237,94311892-eecf-4de6-b127-2639da1764a7,100,100,1500074499837
413,1500074502193,94311892-eecf-4de6-b127-2639da1764a7,100,100,1500074502862
414,1500074504162,94311892-eecf-4de6-b127-2639da1764a7,100,100,1500074505397
415,1500074506146,94311892-eecf-4de6-b127-2639da1764a7,100,100,1500074506832
416,1500074508059,94311892-eecf-4de6-b127-2639da1764a7,100,100,1500074508761
417,1500074509710,94311892-eecf-4de6-b127-2639da1764a7,100,100,1500074510706
418,1500074511676,94311892-eecf-4de6-b127-2639da1764a7,100,100,1500074512646
419,1500074513656,94311892-eecf-4de6-b127-2639da1764a7,100,100,1500074514671
420,1500074515670,94311892-eecf-4de6-b127-2639da1764a7,100,100,1500074516617
421,1500074517598,94311892-eecf-4de6-b127-2639da1764a7,100,100,1500074519265
422,1500074520391,94311892-eecf-4de6-b127-2639da1764a7,100,100,1500074521410
423,1500074523559,94311892-eecf-4de6-b127-2639da1764a7,100,100,1500074524159
424,1500074525227,94311892-eecf-4de6-b127-2639da1764a7,100,100,1500074526117
425,1500074527138,94311892-eecf-4de6-b127-2639da1764a7,100,100,1500074528178
426,1500074529114,94311892-eecf-4de6-b127-2639da1764a7,100,100,1500074530096
427,1500074532226,94311892-eecf-4de6-b127-2639da1764a7,100,100,1500074533795
428,1500074535754,94311892-eecf-4de6-b127-2639da1764a7,100,100,1500074537241
429,1500074537696,94311892-eecf-4de6-b127-2639da1764a7,100,100,1500074539574
430,1500074546575,94311892-eecf-4de6-b127-2639da1764a7,100,100,1500074748481
431,1500074749445,94311892-eecf-4de6-b127-2639da1764a7,100,100,1500074836839
572,1500090693647,815717e9-cd15-4d4e-b35c-a0206bc0aa24,37,100,1500112902296
51,1500097784212,0c735596-1a1c-4a35-bb02-55d90c4f86ac,52,100,1500110438761
1153,1500111218966,d58c3cb9-2543-4258-8695-ac3e310ba3ac,21,99,1500115571024
573,1500112903079,815717e9-cd15-4d4e-b35c-a0206bc0aa24,100,100,1500112904999
574,1500112905125,815717e9-cd15-4d4e-b35c-a0206bc0aa24,100,100,1500112905502
575,1500112905669,815717e9-cd15-4d4e-b35c-a0206bc0aa24,100,100,1500112905822
576,1500112906130,815717e9-cd15-4d4e-b35c-a0206bc0aa24,100,100,1500114160393
577,1500114161436,815717e9-cd15-4d4e-b35c-a0206bc0aa24,100,100,1500114161929
578,1500114162344,815717e9-cd15-4d4e-b35c-a0206bc0aa24,100,100,1500116672605
579,1500116672888,815717e9-cd15-4d4e-b35c-a0206bc0aa24,100,100,1500116672969
580,1500116673302,815717e9-cd15-4d4e-b35c-a0206bc0aa24,100,100,1500116682118
581,1500116684979,815717e9-cd15-4d4e-b35c-a0206bc0aa24,100,100,1500116685086
582,1500116685130,815717e9-cd15-4d4e-b35c-a0206bc0aa24,100,100,1500118217974
52,1500117432370,0c735596-1a1c-4a35-bb02-55d90c4f86ac,54,72,1500119967843
583,1500118218329,815717e9-cd15-4d4e-b35c-a0206bc0aa24,100,100,1500118218408
490,1500119603406,53f52117-1170-4972-af68-8ecbe2132e72,54,100,1500126952833
53,1500130191066,0c735596-1a1c-4a35-bb02-55d90c4f86ac,54,100,1500168318214
432,1500172340280,94311892-eecf-4de6-b127-2639da1764a7,29,32,1500172688839
433,1500172689777,94311892-eecf-4de6-b127-2639da1764a7,32,32,1500172690482
434,1500172691761,94311892-eecf-4de6-b127-2639da1764a7,32,33,1500172906436
435,1500172907535,94311892-eecf-4de6-b127-2639da1764a7,33,33,1500172908884
436,1500172909539,94311892-eecf-4de6-b127-2639da1764a7,33,53,1500175272104
437,1500175273362,94311892-eecf-4de6-b127-2639da1764a7,53,57,1500175843874
438,1500175845169,94311892-eecf-4de6-b127-2639da1764a7,57,57,1500175850245
439,1500175987677,94311892-eecf-4de6-b127-2639da1764a7,58,69,1500177355643
440,1500177356952,94311892-eecf-4de6-b127-2639da1764a7,69,69,1500177386662
441,1500177388237,94311892-eecf-4de6-b127-2639da1764a7,70,70,1500177389225
442,1500177389951,94311892-eecf-4de6-b127-2639da1764a7,70,70,1500177390622
443,1500177391833,94311892-eecf-4de6-b127-2639da1764a7,70,70,1500177394344
584,1500181032735,815717e9-cd15-4d4e-b35c-a0206bc0aa24,23,24,1500181153468
54,1500194262578,0c735596-1a1c-4a35-bb02-55d90c4f86ac,58,82,1500200777835
55,1500200781444,0c735596-1a1c-4a35-bb02-55d90c4f86ac,82,83,1500201088685
56,1500201445885,0c735596-1a1c-4a35-bb02-55d90c4f86ac,77,81,1500202643324
1154,1500204200904,d58c3cb9-2543-4258-8695-ac3e310ba3ac,7,84,1500207841836
585,1500206993584,815717e9-cd15-4d4e-b35c-a0206bc0aa24,17,17,1500206999648
586,1500207026081,815717e9-cd15-4d4e-b35c-a0206bc0aa24,17,17,1500207062361
587,1500207108303,815717e9-cd15-4d4e-b35c-a0206bc0aa24,17,17,1500207108391
588,1500207109417,815717e9-cd15-4d4e-b35c-a0206bc0aa24,17,18,1500207143227
589,1500207143963,815717e9-cd15-4d4e-b35c-a0206bc0aa24,18,33,1500208517204
590,1500208518463,815717e9-cd15-4d4e-b35c-a0206bc0aa24,33,33,1500208518621
591,1500208519106,815717e9-cd15-4d4e-b35c-a0206bc0aa24,33,34,1500208758368
57,1500208556902,0c735596-1a1c-4a35-bb02-55d90c4f86ac,24,36,1500210221907
592,1500208766207,815717e9-cd15-4d4e-b35c-a0206bc0aa24,34,34,1500208768607
593,1500208768825,815717e9-cd15-4d4e-b35c-a0206bc0aa24,34,46,1500209850960
1155,1500209357701,d58c3cb9-2543-4258-8695-ac3e310ba3ac,76,77,1500209399545
1156,1500209407688,d58c3cb9-2543-4258-8695-ac3e310ba3ac,77,100,1500213138707
58,1500210266519,0c735596-1a1c-4a35-bb02-55d90c4f86ac,36,100,1500242413688
444,1500213105520,94311892-eecf-4de6-b127-2639da1764a7,27,35,1500213973528
445,1500213975555,94311892-eecf-4de6-b127-2639da1764a7,35,35,1500213977962
446,1500213990763,94311892-eecf-4de6-b127-2639da1764a7,35,35,1500213993816
447,1500213994234,94311892-eecf-4de6-b127-2639da1764a7,35,35,1500213994937
448,1500214006996,94311892-eecf-4de6-b127-2639da1764a7,35,35,1500214007691
449,1500214026902,94311892-eecf-4de6-b127-2639da1764a7,35,35,1500214028438
450,1500214057194,94311892-eecf-4de6-b127-2639da1764a7,35,45,1500215178434
594,1500215136718,815717e9-cd15-4d4e-b35c-a0206bc0aa24,41,63,1500217126371
451,1500215178779,94311892-eecf-4de6-b127-2639da1764a7,45,45,1500215182226
452,1500215183551,94311892-eecf-4de6-b127-2639da1764a7,45,45,1500215184207
453,1500215185906,94311892-eecf-4de6-b127-2639da1764a7,45,45,1500215186561
454,1500215186957,94311892-eecf-4de6-b127-2639da1764a7,45,45,1500215187642
455,1500215188091,94311892-eecf-4de6-b127-2639da1764a7,45,45,1500215188724
456,1500215189145,94311892-eecf-4de6-b127-2639da1764a7,45,45,1500215190783
457,1500215191710,94311892-eecf-4de6-b127-2639da1764a7,45,100,1500241508488
59,1500244054115,0c735596-1a1c-4a35-bb02-55d90c4f86ac,87,100,1500245183554
1157,1500247399787,d58c3cb9-2543-4258-8695-ac3e310ba3ac,3,19,1500247957646
1158,1500249233050,d58c3cb9-2543-4258-8695-ac3e310ba3ac,6,42,1500251749028
60,1500252986768,0c735596-1a1c-4a35-bb02-55d90c4f86ac,64,77,1500253892740
61,1500254617671,0c735596-1a1c-4a35-bb02-55d90c4f86ac,78,100,1500258187062
1159,1500256003382,d58c3cb9-2543-4258-8695-ac3e310ba3ac,11,100,1500287270977
595,1500257186491,815717e9-cd15-4d4e-b35c-a0206bc0aa24,7,25,1500258785594
62,1500258477778,0c735596-1a1c-4a35-bb02-55d90c4f86ac,97,100,1500260747265
596,1500258786127,815717e9-cd15-4d4e-b35c-a0206bc0aa24,25,25,1500258786264
597,1500258786543,815717e9-cd15-4d4e-b35c-a0206bc0aa24,25,25,1500258786605
598,1500258787066,815717e9-cd15-4d4e-b35c-a0206bc0aa24,25,25,1500258787466
599,1500258788429,815717e9-cd15-4d4e-b35c-a0206bc0aa24,25,28,1500259524049
600,1500259524320,815717e9-cd15-4d4e-b35c-a0206bc0aa24,28,28,1500259525426
601,1500259526411,815717e9-cd15-4d4e-b35c-a0206bc0aa24,28,31,1500260071551
602,1500260076015,815717e9-cd15-4d4e-b35c-a0206bc0aa24,31,32,1500260210701
603,1500260211589,815717e9-cd15-4d4e-b35c-a0206bc0aa24,32,32,1500260227349
604,1500260234237,815717e9-cd15-4d4e-b35c-a0206bc0aa24,32,33,1500260312689
605,1500260323363,815717e9-cd15-4d4e-b35c-a0206bc0aa24,33,33,1500260341679
63,1500261717845,0c735596-1a1c-4a35-bb02-55d90c4f86ac,87,92,1500262382805
64,1500265954190,0c735596-1a1c-4a35-bb02-55d90c4f86ac,72,81,1500266824003
65,1500267954287,0c735596-1a1c-4a35-bb02-55d90c4f86ac,70,100,1500278393737
66,1500279696936,0c735596-1a1c-4a35-bb02-55d90c4f86ac,84,100,1500285647042
606,1500280812779,815717e9-cd15-4d4e-b35c-a0206bc0aa24,25,38,1500282063681
607,1500282064773,815717e9-cd15-4d4e-b35c-a0206bc0aa24,38,58,1500283811246
608,1500283813081,815717e9-cd15-4d4e-b35c-a0206bc0aa24,58,58,1500283818143
610,1500284578353,815717e9-cd15-4d4e-b35c-a0206bc0aa24,58,81,1500286834117
609,1500284578785,815717e9-cd15-4d4e-b35c-a0206bc0aa24,58,58,1500284578846
67,1500299148938,0c735596-1a1c-4a35-bb02-55d90c4f86ac,61,100,1500328818033
458,1500313459737,94311892-eecf-4de6-b127-2639da1764a7,12,12,1500313461318
459,1500314613960,94311892-eecf-4de6-b127-2639da1764a7,12,12,1500314615771
460,1500314616975,94311892-eecf-4de6-b127-2639da1764a7,12,12,1500314667972
461,1500314669212,94311892-eecf-4de6-b127-2639da1764a7,12,12,1500314670756
462,1500314673108,94311892-eecf-4de6-b127-2639da1764a7,12,12,1500314673835
463,1500314676211,94311892-eecf-4de6-b127-2639da1764a7,12,12,1500314676904
464,1500314678154,94311892-eecf-4de6-b127-2639da1764a7,12,12,1500314678912
465,1500314680119,94311892-eecf-4de6-b127-2639da1764a7,12,12,1500314680789
466,1500314682054,94311892-eecf-4de6-b127-2639da1764a7,12,12,1500314682786
467,1500314684051,94311892-eecf-4de6-b127-2639da1764a7,12,12,1500314685334
468,1500314686762,94311892-eecf-4de6-b127-2639da1764a7,12,12,1500314695523
469,1500314714858,94311892-eecf-4de6-b127-2639da1764a7,12,12,1500314715523
470,1500314716767,94311892-eecf-4de6-b127-2639da1764a7,12,12,1500314717446
471,1500314718712,94311892-eecf-4de6-b127-2639da1764a7,12,12,1500314719400
472,1500314720600,94311892-eecf-4de6-b127-2639da1764a7,12,12,1500314721915
473,1500314723378,94311892-eecf-4de6-b127-2639da1764a7,12,12,1500314724145
474,1500314726245,94311892-eecf-4de6-b127-2639da1764a7,12,12,1500314726945
475,1500314728157,94311892-eecf-4de6-b127-2639da1764a7,12,1,1500398693323
611,1500326385532,815717e9-cd15-4d4e-b35c-a0206bc0aa24,12,28,1500328413441
612,1500328420216,815717e9-cd15-4d4e-b35c-a0206bc0aa24,28,28,1500328420323
613,1500328422619,815717e9-cd15-4d4e-b35c-a0206bc0aa24,28,30,1500328749581
614,1500328751442,815717e9-cd15-4d4e-b35c-a0206bc0aa24,30,30,1500328799098
615,1500328799253,815717e9-cd15-4d4e-b35c-a0206bc0aa24,30,31,1500328839505
616,1500328839697,815717e9-cd15-4d4e-b35c-a0206bc0aa24,31,32,1500329014157
617,1500329014472,815717e9-cd15-4d4e-b35c-a0206bc0aa24,32,33,1500329316201
618,1500329368162,815717e9-cd15-4d4e-b35c-a0206bc0aa24,33,33,1500329368866
619,1500329374297,815717e9-cd15-4d4e-b35c-a0206bc0aa24,33,34,1500329551506
961,1500333025329,8229e049-dd7a-42d2-b037-3839b23be516,14,35,1500335309322
68,1500339258767,0c735596-1a1c-4a35-bb02-55d90c4f86ac,67,100,1500345708971
620,1500339752665,815717e9-cd15-4d4e-b35c-a0206bc0aa24,13,13,1500339757521
621,1500339757997,815717e9-cd15-4d4e-b35c-a0206bc0aa24,13,13,1500339762125
622,1500339765472,815717e9-cd15-4d4e-b35c-a0206bc0aa24,13,85,1500346713791
1160,1500343911639,d58c3cb9-2543-4258-8695-ac3e310ba3ac,4,14,1500344191390
962,1500345214539,8229e049-dd7a-42d2-b037-3839b23be516,14,100,1500372162040
1161,1500345770489,d58c3cb9-2543-4258-8695-ac3e310ba3ac,4,100,1500355648889
69,1500346430588,0c735596-1a1c-4a35-bb02-55d90c4f86ac,90,100,1500348793384
623,1500346720313,815717e9-cd15-4d4e-b35c-a0206bc0aa24,85,85,1500346728610
624,1500346729172,815717e9-cd15-4d4e-b35c-a0206bc0aa24,85,85,1500346729320
625,1500346729963,815717e9-cd15-4d4e-b35c-a0206bc0aa24,85,85,1500346730417
626,1500346736923,815717e9-cd15-4d4e-b35c-a0206bc0aa24,85,85,1500346739504
627,1500346744335,815717e9-cd15-4d4e-b35c-a0206bc0aa24,85,100,1500369617985
70,1500352267750,0c735596-1a1c-4a35-bb02-55d90c4f86ac,79,100,1500359320542
71,1500360684699,0c735596-1a1c-4a35-bb02-55d90c4f86ac,83,100,1500367200257
72,1500368406127,0c735596-1a1c-4a35-bb02-55d90c4f86ac,80,100,1500372011192
1162,1500369345150,d58c3cb9-2543-4258-8695-ac3e310ba3ac,92,100,1500372483173
628,1500369618249,815717e9-cd15-4d4e-b35c-a0206bc0aa24,100,100,1500369621597
629,1500369622279,815717e9-cd15-4d4e-b35c-a0206bc0aa24,100,100,1500369884262
630,1500370219839,815717e9-cd15-4d4e-b35c-a0206bc0aa24,100,100,1500373798421
631,1500373800062,815717e9-cd15-4d4e-b35c-a0206bc0aa24,100,100,1500373800410
73,1500385534106,0c735596-1a1c-4a35-bb02-55d90c4f86ac,44,100,1500415216242
491,1500385796602,53f52117-1170-4972-af68-8ecbe2132e72,35,58,1500387173324
492,1500387639041,53f52117-1170-4972-af68-8ecbe2132e72,57,69,1500452368740
476,1500398708034,94311892-eecf-4de6-b127-2639da1764a7,0,18,1501171748657
1163,1500411799982,d58c3cb9-2543-4258-8695-ac3e310ba3ac,11,100,1500417290551
74,1500417762724,0c735596-1a1c-4a35-bb02-55d90c4f86ac,90,100,1500422021916
632,1500421059951,815717e9-cd15-4d4e-b35c-a0206bc0aa24,13,56,1500424105983
633,1500424106207,815717e9-cd15-4d4e-b35c-a0206bc0aa24,56,56,1500424106872
634,1500424110733,815717e9-cd15-4d4e-b35c-a0206bc0aa24,56,56,1500424115034
635,1500424115277,815717e9-cd15-4d4e-b35c-a0206bc0aa24,56,56,1500424122244
636,1500424123067,815717e9-cd15-4d4e-b35c-a0206bc0aa24,56,56,1500424124801
637,1500424125470,815717e9-cd15-4d4e-b35c-a0206bc0aa24,56,57,1500424146628
638,1500424149023,815717e9-cd15-4d4e-b35c-a0206bc0aa24,57,57,1500424172821
639,1500424202292,815717e9-cd15-4d4e-b35c-a0206bc0aa24,57,61,1500424539727
640,1500424540355,815717e9-cd15-4d4e-b35c-a0206bc0aa24,61,64,1500424853696
641,1500424856248,815717e9-cd15-4d4e-b35c-a0206bc0aa24,64,64,1500424857455
642,1500424881499,815717e9-cd15-4d4e-b35c-a0206bc0aa24,64,65,1500425034048
643,1500425034902,815717e9-cd15-4d4e-b35c-a0206bc0aa24,65,65,1500425034979
644,1500425051101,815717e9-cd15-4d4e-b35c-a0206bc0aa24,65,71,1500425505538
75,1500425230945,0c735596-1a1c-4a35-bb02-55d90c4f86ac,78,100,1500432049947
645,1500425506313,815717e9-cd15-4d4e-b35c-a0206bc0aa24,71,71,1500425506867
646,1500425507913,815717e9-cd15-4d4e-b35c-a0206bc0aa24,71,71,1500425513628
647,1500425523365,815717e9-cd15-4d4e-b35c-a0206bc0aa24,71,71,1500425524777
648,1500425631570,815717e9-cd15-4d4e-b35c-a0206bc0aa24,71,71,1500425633457
649,1500425636923,815717e9-cd15-4d4e-b35c-a0206bc0aa24,71,71,1500425660073
650,1500425827202,815717e9-cd15-4d4e-b35c-a0206bc0aa24,71,71,1500425834432
651,1500425840198,815717e9-cd15-4d4e-b35c-a0206bc0aa24,71,71,1500425840282
652,1500425869771,815717e9-cd15-4d4e-b35c-a0206bc0aa24,71,71,1500425877716
653,1500425879602,815717e9-cd15-4d4e-b35c-a0206bc0aa24,71,99,1500429358727
963,1500426882686,8229e049-dd7a-42d2-b037-3839b23be516,20,21,1500427230139
964,1500428256694,8229e049-dd7a-42d2-b037-3839b23be516,19,20,1500428805040
965,1500429022080,8229e049-dd7a-42d2-b037-3839b23be516,19,36,1500434367399
654,1500429359133,815717e9-cd15-4d4e-b35c-a0206bc0aa24,99,99,1500429362442
655,1500429363463,815717e9-cd15-4d4e-b35c-a0206bc0aa24,99,99,1500429363561
656,1500429363686,815717e9-cd15-4d4e-b35c-a0206bc0aa24,99,99,1500429608607
657,1500432458030,815717e9-cd15-4d4e-b35c-a0206bc0aa24,97,97,1500432472320
658,1500432474068,815717e9-cd15-4d4e-b35c-a0206bc0aa24,97,97,1500432534355
659,1500432663662,815717e9-cd15-4d4e-b35c-a0206bc0aa24,97,97,1500432663698
660,1500432663992,815717e9-cd15-4d4e-b35c-a0206bc0aa24,97,97,1500432664092
76,1500432979268,0c735596-1a1c-4a35-bb02-55d90c4f86ac,84,100,1500435120840
966,1500435420740,8229e049-dd7a-42d2-b037-3839b23be516,30,43,1500439486199
77,1500438858388,0c735596-1a1c-4a35-bb02-55d90c4f86ac,89,100,1500441195171
967,1500439569428,8229e049-dd7a-42d2-b037-3839b23be516,42,67,1500447629299
78,1500441848939,0c735596-1a1c-4a35-bb02-55d90c4f86ac,93,100,1500447605272
968,1500447666034,8229e049-dd7a-42d2-b037-3839b23be516,67,87,1500454449156
79,1500449096118,0c735596-1a1c-4a35-bb02-55d90c4f86ac,82,100,1500454696543
493,1500452370258,53f52117-1170-4972-af68-8ecbe2132e72,69,100,1500458452743
80,1500455780696,0c735596-1a1c-4a35-bb02-55d90c4f86ac,81,100,1500458564342
661,1500456771826,815717e9-cd15-4d4e-b35c-a0206bc0aa24,84,84,1500456780992
662,1500456788917,815717e9-cd15-4d4e-b35c-a0206bc0aa24,84,89,1500457997686
1164,1500456793473,d58c3cb9-2543-4258-8695-ac3e310ba3ac,11,85,1500459785431
663,1500460188434,815717e9-cd15-4d4e-b35c-a0206bc0aa24,89,89,1500460195660
664,1500460198291,815717e9-cd15-4d4e-b35c-a0206bc0aa24,89,93,1500461444855
665,1500461445085,815717e9-cd15-4d4e-b35c-a0206bc0aa24,93,100,1500464563600
81,1500470181934,0c735596-1a1c-4a35-bb02-55d90c4f86ac,58,100,1500505211725
901,1500477391324,08da45e3-bc56-4425-bad2-55d191676b79,49,94,1500489773049
883,1500482145970,259cc994-877a-4e94-bb4a-06b44c30be47,8,20,1500482741733
884,1500484460408,259cc994-877a-4e94-bb4a-06b44c30be47,19,49,1500687032945
1165,1500485582407,d58c3cb9-2543-4258-8695-ac3e310ba3ac,7,42,1500486960852
969,1500491177434,8229e049-dd7a-42d2-b037-3839b23be516,12,14,1500492450299
902,1500492506837,08da45e3-bc56-4425-bad2-55d191676b79,61,81,1500494591510
970,1500492686288,8229e049-dd7a-42d2-b037-3839b23be516,14,16,1500493242394
971,1500493259900,8229e049-dd7a-42d2-b037-3839b23be516,16,44,1500500557748
903,1500495009180,08da45e3-bc56-4425-bad2-55d191676b79,78,78,1500495415011
904,1500495418909,08da45e3-bc56-4425-bad2-55d191676b79,78,78,1500495863721
905,1500501327762,08da45e3-bc56-4425-bad2-55d191676b79,16,38,1500509304463
666,1500503080628,815717e9-cd15-4d4e-b35c-a0206bc0aa24,15,28,1500504495274
667,1500504499283,815717e9-cd15-4d4e-b35c-a0206bc0aa24,28,30,1500504642378
668,1500504642586,815717e9-cd15-4d4e-b35c-a0206bc0aa24,30,47,1500506359021
669,1500506360193,815717e9-cd15-4d4e-b35c-a0206bc0aa24,47,47,1500506405725
670,1500506405795,815717e9-cd15-4d4e-b35c-a0206bc0aa24,47,48,1500506445328
671,1500506446805,815717e9-cd15-4d4e-b35c-a0206bc0aa24,48,66,1500508412006
1166,1500506581237,d58c3cb9-2543-4258-8695-ac3e310ba3ac,5,61,1500508524399
672,1500508412798,815717e9-cd15-4d4e-b35c-a0206bc0aa24,66,66,1500508494576
673,1500508494917,815717e9-cd15-4d4e-b35c-a0206bc0aa24,66,100,1500515728034
82,1500512234338,0c735596-1a1c-4a35-bb02-55d90c4f86ac,57,100,1500521643548
972,1500513243870,8229e049-dd7a-42d2-b037-3839b23be516,10,63,1500525958250
674,1500515728205,815717e9-cd15-4d4e-b35c-a0206bc0aa24,100,100,1500517215010
906,1500516076150,08da45e3-bc56-4425-bad2-55d191676b79,16,100,1500552020110
1167,1500516693930,d58c3cb9-2543-4258-8695-ac3e310ba3ac,23,100,1500546310044
675,1500517215884,815717e9-cd15-4d4e-b35c-a0206bc0aa24,100,100,1500517345400
676,1500517346031,815717e9-cd15-4d4e-b35c-a0206bc0aa24,100,100,1500517520795
677,1500520135257,815717e9-cd15-4d4e-b35c-a0206bc0aa24,100,100,1500520359251
678,1500520378361,815717e9-cd15-4d4e-b35c-a0206bc0aa24,100,100,1500520434239
679,1500520452117,815717e9-cd15-4d4e-b35c-a0206bc0aa24,100,100,1500521175036
680,1500521175123,815717e9-cd15-4d4e-b35c-a0206bc0aa24,100,100,1500521611759
681,1500521612487,815717e9-cd15-4d4e-b35c-a0206bc0aa24,100,100,1500521616378
682,1500521616895,815717e9-cd15-4d4e-b35c-a0206bc0aa24,100,100,1500521617286
683,1500521617364,815717e9-cd15-4d4e-b35c-a0206bc0aa24,100,100,1500521618355
684,1500521618581,815717e9-cd15-4d4e-b35c-a0206bc0aa24,100,100,1500540188565
83,1500525486712,0c735596-1a1c-4a35-bb02-55d90c4f86ac,71,93,1500527893564
84,1500528905278,0c735596-1a1c-4a35-bb02-55d90c4f86ac,80,100,1500531051313
85,1500532389285,0c735596-1a1c-4a35-bb02-55d90c4f86ac,78,100,1500542057125
973,1500534144598,8229e049-dd7a-42d2-b037-3839b23be516,50,91,1500546361763
86,1500542200304,0c735596-1a1c-4a35-bb02-55d90c4f86ac,97,100,1500544952662
685,1500542572753,815717e9-cd15-4d4e-b35c-a0206bc0aa24,98,99,1500542984937
686,1500542985952,815717e9-cd15-4d4e-b35c-a0206bc0aa24,99,100,1500543048776
687,1500543049103,815717e9-cd15-4d4e-b35c-a0206bc0aa24,100,100,1500543049924
688,1500543050697,815717e9-cd15-4d4e-b35c-a0206bc0aa24,100,100,1500543678221
689,1500543678993,815717e9-cd15-4d4e-b35c-a0206bc0aa24,100,100,1500543680546
690,1500543680979,815717e9-cd15-4d4e-b35c-a0206bc0aa24,100,100,1500544013945
494,1500543743732,53f52117-1170-4972-af68-8ecbe2132e72,77,100,1500549407851
691,1500544016307,815717e9-cd15-4d4e-b35c-a0206bc0aa24,100,100,1500544047806
692,1500544561021,815717e9-cd15-4d4e-b35c-a0206bc0aa24,100,100,1500545312676
693,1500547506039,815717e9-cd15-4d4e-b35c-a0206bc0aa24,100,100,1500547506240
495,1500549408189,53f52117-1170-4972-af68-8ecbe2132e72,100,100,1500550709661
496,1500550710049,53f52117-1170-4972-af68-8ecbe2132e72,100,100,1500550711187
907,1500553702063,08da45e3-bc56-4425-bad2-55d191676b79,76,100,1500556835627
908,1500556836117,08da45e3-bc56-4425-bad2-55d191676b79,100,100,1500557153359
87,1500562742089,0c735596-1a1c-4a35-bb02-55d90c4f86ac,26,100,1500588912224
1168,1500580441339,d58c3cb9-2543-4258-8695-ac3e310ba3ac,5,2,1500580656462
909,1500584244021,08da45e3-bc56-4425-bad2-55d191676b79,1,79,1500591338554
974,1500587069835,8229e049-dd7a-42d2-b037-3839b23be516,21,28,1500588777058
88,1500592077961,0c735596-1a1c-4a35-bb02-55d90c4f86ac,64,96,1500596064882
1169,1500594848887,d58c3cb9-2543-4258-8695-ac3e310ba3ac,30,70,1500597235730
975,1500598610764,8229e049-dd7a-42d2-b037-3839b23be516,11,49,1500608508749
89,1500598645834,0c735596-1a1c-4a35-bb02-55d90c4f86ac,60,100,1500607979091
694,1500601070979,815717e9-cd15-4d4e-b35c-a0206bc0aa24,10,31,1500603195634
695,1500603197328,815717e9-cd15-4d4e-b35c-a0206bc0aa24,31,31,1500603498073
696,1500603499280,815717e9-cd15-4d4e-b35c-a0206bc0aa24,31,100,1500627641359
910,1500605474655,08da45e3-bc56-4425-bad2-55d191676b79,20,100,1500636617939
90,1500611589183,0c735596-1a1c-4a35-bb02-55d90c4f86ac,85,85,1500611653764
91,1500612661916,0c735596-1a1c-4a35-bb02-55d90c4f86ac,73,100,1500624082379
1170,1500613960352,d58c3cb9-2543-4258-8695-ac3e310ba3ac,28,100,1500631423711
697,1500627641793,815717e9-cd15-4d4e-b35c-a0206bc0aa24,100,100,1500627657539
698,1500630716484,815717e9-cd15-4d4e-b35c-a0206bc0aa24,99,99,1500630716916
699,1500630718490,815717e9-cd15-4d4e-b35c-a0206bc0aa24,99,99,1500630722898
700,1500631074654,815717e9-cd15-4d4e-b35c-a0206bc0aa24,100,100,1500631077999
701,1500631174085,815717e9-cd15-4d4e-b35c-a0206bc0aa24,100,100,1500631175169
497,1500631469977,53f52117-1170-4972-af68-8ecbe2132e72,94,96,1500631636978
976,1500631502346,8229e049-dd7a-42d2-b037-3839b23be516,10,10,1500631703744
498,1500631638054,53f52117-1170-4972-af68-8ecbe2132e72,96,97,1500631782045
977,1500631714188,8229e049-dd7a-42d2-b037-3839b23be516,10,16,1500633213248
499,1500632516820,53f52117-1170-4972-af68-8ecbe2132e72,95,100,1500639576943
978,1500633267051,8229e049-dd7a-42d2-b037-3839b23be516,16,19,1500634612472
979,1500638022448,8229e049-dd7a-42d2-b037-3839b23be516,6,3,1500638023808
980,1500638027716,8229e049-dd7a-42d2-b037-3839b23be516,2,16,1500640930785
981,1500644048333,8229e049-dd7a-42d2-b037-3839b23be516,12,57,1500658504182
503,1500656672501,3a915327-f2f0-4e05-ae5c-179b2ccfaec2,14,100,1500666159866
911,1500659145165,08da45e3-bc56-4425-bad2-55d191676b79,35,51,1500659751056
912,1500665547160,08da45e3-bc56-4425-bad2-55d191676b79,18,99,1500672230284
702,1500673103895,815717e9-cd15-4d4e-b35c-a0206bc0aa24,14,17,1500673456109
703,1500673456293,815717e9-cd15-4d4e-b35c-a0206bc0aa24,17,47,1500676248509
913,1500673841008,08da45e3-bc56-4425-bad2-55d191676b79,89,100,1500674969403
704,1500676249106,815717e9-cd15-4d4e-b35c-a0206bc0aa24,47,47,1500676249506
705,1500676250610,815717e9-cd15-4d4e-b35c-a0206bc0aa24,47,47,1500676252612
706,1500676265750,815717e9-cd15-4d4e-b35c-a0206bc0aa24,46,51,1500676723185
504,1500676362393,3a915327-f2f0-4e05-ae5c-179b2ccfaec2,15,15,1500676388748
505,1500676623429,3a915327-f2f0-4e05-ae5c-179b2ccfaec2,7,7,1500676626251
506,1500676634056,3a915327-f2f0-4e05-ae5c-179b2ccfaec2,7,3,1500676650138
507,1500676661345,3a915327-f2f0-4e05-ae5c-179b2ccfaec2,3,2,1500678030292
707,1500676723412,815717e9-cd15-4d4e-b35c-a0206bc0aa24,51,51,1500676723452
708,1500676730121,815717e9-cd15-4d4e-b35c-a0206bc0aa24,51,51,1500676732516
508,1500678045436,3a915327-f2f0-4e05-ae5c-179b2ccfaec2,1,1,1500678435753
509,1500678727110,3a915327-f2f0-4e05-ae5c-179b2ccfaec2,1,100,1500690557928
982,1500680314957,8229e049-dd7a-42d2-b037-3839b23be516,15,18,1500681143913
983,1500682075796,8229e049-dd7a-42d2-b037-3839b23be516,13,58,1500692726294
1171,1500684003694,d58c3cb9-2543-4258-8695-ac3e310ba3ac,4,7,1500684121555
1172,1500684126362,d58c3cb9-2543-4258-8695-ac3e310ba3ac,7,15,1500685033663
1173,1500685036763,d58c3cb9-2543-4258-8695-ac3e310ba3ac,15,15,1500685038655
1174,1500685039313,d58c3cb9-2543-4258-8695-ac3e310ba3ac,15,61,1500688580028
885,1500687035285,259cc994-877a-4e94-bb4a-06b44c30be47,49,49,1500687042149
709,1500691454622,815717e9-cd15-4d4e-b35c-a0206bc0aa24,43,79,1500694889844
710,1500694891547,815717e9-cd15-4d4e-b35c-a0206bc0aa24,79,94,1500696959995
984,1500695056860,8229e049-dd7a-42d2-b037-3839b23be516,40,100,1500715586766
711,1500696960371,815717e9-cd15-4d4e-b35c-a0206bc0aa24,94,94,1500696983459
712,1500696984734,815717e9-cd15-4d4e-b35c-a0206bc0aa24,94,94,1500696985469
713,1500696985527,815717e9-cd15-4d4e-b35c-a0206bc0aa24,94,100,1500697360907
714,1500697361281,815717e9-cd15-4d4e-b35c-a0206bc0aa24,100,100,1500697840971
886,1500697577984,259cc994-877a-4e94-bb4a-06b44c30be47,10,55,1500699455899
715,1500697841496,815717e9-cd15-4d4e-b35c-a0206bc0aa24,100,100,1500697842240
914,1500698257673,08da45e3-bc56-4425-bad2-55d191676b79,14,100,1500724136865
887,1500700509537,259cc994-877a-4e94-bb4a-06b44c30be47,53,76,1500708244596
1175,1500702475969,d58c3cb9-2543-4258-8695-ac3e310ba3ac,47,100,1500721552746
716,1500706256935,815717e9-cd15-4d4e-b35c-a0206bc0aa24,71,100,1500715212171
888,1500708288652,259cc994-877a-4e94-bb4a-06b44c30be47,76,100,1500710089657
717,1500720012301,815717e9-cd15-4d4e-b35c-a0206bc0aa24,95,95,1500720013434
718,1500720013658,815717e9-cd15-4d4e-b35c-a0206bc0aa24,95,100,1500721417500
510,1500730523961,3a915327-f2f0-4e05-ae5c-179b2ccfaec2,9,100,1500747848965
915,1500734622164,08da45e3-bc56-4425-bad2-55d191676b79,77,100,1500736141021
916,1500736143901,08da45e3-bc56-4425-bad2-55d191676b79,100,100,1500738965048
917,1500740173475,08da45e3-bc56-4425-bad2-55d191676b79,84,98,1500742697483
918,1500742701310,08da45e3-bc56-4425-bad2-55d191676b79,98,98,1500743128958
919,1500743130799,08da45e3-bc56-4425-bad2-55d191676b79,98,99,1500743367109
719,1500758955844,815717e9-cd15-4d4e-b35c-a0206bc0aa24,25,52,1500761497764
920,1500759049069,08da45e3-bc56-4425-bad2-55d191676b79,28,100,1500764697969
720,1500761525468,815717e9-cd15-4d4e-b35c-a0206bc0aa24,52,52,1500761526082
721,1500761526557,815717e9-cd15-4d4e-b35c-a0206bc0aa24,52,57,1500762057522
722,1500762067417,815717e9-cd15-4d4e-b35c-a0206bc0aa24,57,57,1500762068027
723,1500762068431,815717e9-cd15-4d4e-b35c-a0206bc0aa24,57,57,1500762091401
724,1500762175960,815717e9-cd15-4d4e-b35c-a0206bc0aa24,57,58,1500762281045
725,1500762343139,815717e9-cd15-4d4e-b35c-a0206bc0aa24,58,85,1500765156277
985,1500775898030,8229e049-dd7a-42d2-b037-3839b23be516,9,10,1500776159917
986,1500776187073,8229e049-dd7a-42d2-b037-3839b23be516,10,10,1500776206485
987,1500776240905,8229e049-dd7a-42d2-b037-3839b23be516,10,73,1500800590995
1176,1500777298084,d58c3cb9-2543-4258-8695-ac3e310ba3ac,17,30,1500778416501
1177,1500778422651,d58c3cb9-2543-4258-8695-ac3e310ba3ac,30,100,1500782977052
726,1500790685222,815717e9-cd15-4d4e-b35c-a0206bc0aa24,67,67,1500790800191
727,1500790800299,815717e9-cd15-4d4e-b35c-a0206bc0aa24,67,100,1500801131538
921,1500793268998,08da45e3-bc56-4425-bad2-55d191676b79,24,100,1500818560950
728,1500801131722,815717e9-cd15-4d4e-b35c-a0206bc0aa24,100,100,1500801138908
729,1500801140504,815717e9-cd15-4d4e-b35c-a0206bc0aa24,100,100,1500804141199
730,1500804294308,815717e9-cd15-4d4e-b35c-a0206bc0aa24,100,100,1500804855318
731,1500805226948,815717e9-cd15-4d4e-b35c-a0206bc0aa24,100,100,1500805231040
732,1500805234587,815717e9-cd15-4d4e-b35c-a0206bc0aa24,100,100,1500806251740
733,1500806404958,815717e9-cd15-4d4e-b35c-a0206bc0aa24,100,100,1500807460143
734,1500807474071,815717e9-cd15-4d4e-b35c-a0206bc0aa24,100,100,1500807491354
735,1500807514224,815717e9-cd15-4d4e-b35c-a0206bc0aa24,100,100,1500807547796
736,1500807555184,815717e9-cd15-4d4e-b35c-a0206bc0aa24,100,100,1500807622048
737,1500807622625,815717e9-cd15-4d4e-b35c-a0206bc0aa24,100,100,1500807704217
738,1500807704822,815717e9-cd15-4d4e-b35c-a0206bc0aa24,100,100,1500807941771
739,1500807942705,815717e9-cd15-4d4e-b35c-a0206bc0aa24,100,100,1500807955781
740,1500807962412,815717e9-cd15-4d4e-b35c-a0206bc0aa24,100,100,1500808050530
741,1500808061679,815717e9-cd15-4d4e-b35c-a0206bc0aa24,100,100,1500808171101
742,1500808171201,815717e9-cd15-4d4e-b35c-a0206bc0aa24,100,100,1500808304158
743,1500808772061,815717e9-cd15-4d4e-b35c-a0206bc0aa24,99,99,1500808772111
1178,1500816031912,d58c3cb9-2543-4258-8695-ac3e310ba3ac,5,100,1500822505102
988,1500824196370,8229e049-dd7a-42d2-b037-3839b23be516,35,51,1500829253812
889,1500827271647,259cc994-877a-4e94-bb4a-06b44c30be47,40,100,1500846744597
744,1500830573937,815717e9-cd15-4d4e-b35c-a0206bc0aa24,67,91,1500833532401
1179,1500830890216,d58c3cb9-2543-4258-8695-ac3e310ba3ac,65,72,1500832189366
745,1500833532858,815717e9-cd15-4d4e-b35c-a0206bc0aa24,91,91,1500833532898
746,1500833534912,815717e9-cd15-4d4e-b35c-a0206bc0aa24,91,96,1500835314817
1180,1500834408836,d58c3cb9-2543-4258-8695-ac3e310ba3ac,72,70,1500834878110
1181,1500835762954,d58c3cb9-2543-4258-8695-ac3e310ba3ac,63,63,1500836293706
747,1500835982494,815717e9-cd15-4d4e-b35c-a0206bc0aa24,96,100,1500837257270
748,1500837268116,815717e9-cd15-4d4e-b35c-a0206bc0aa24,100,100,1500837268740
749,1500837679834,815717e9-cd15-4d4e-b35c-a0206bc0aa24,99,100,1500839094845
750,1500839095365,815717e9-cd15-4d4e-b35c-a0206bc0aa24,100,100,1500840732596
989,1500843554297,8229e049-dd7a-42d2-b037-3839b23be516,9,27,1500853540200
922,1500851589471,08da45e3-bc56-4425-bad2-55d191676b79,10,100,1500861422269
1182,1500855252678,d58c3cb9-2543-4258-8695-ac3e310ba3ac,3,52,1500857001448
990,1500858306338,8229e049-dd7a-42d2-b037-3839b23be516,15,79,1500891555640
1183,1500860708111,d58c3cb9-2543-4258-8695-ac3e310ba3ac,50,100,1500888624097
923,1500871080766,08da45e3-bc56-4425-bad2-55d191676b79,78,78,1500871114011
924,1500871120021,08da45e3-bc56-4425-bad2-55d191676b79,78,100,1500905827582
890,1500880327475,259cc994-877a-4e94-bb4a-06b44c30be47,5,72,1500882927317
891,1500883099987,259cc994-877a-4e94-bb4a-06b44c30be47,71,100,1500891532815
1184,1500889784335,d58c3cb9-2543-4258-8695-ac3e310ba3ac,97,100,1500891528533
751,1500891554318,815717e9-cd15-4d4e-b35c-a0206bc0aa24,56,57,1500891570300
752,1500891582014,815717e9-cd15-4d4e-b35c-a0206bc0aa24,57,64,1500892436354
925,1500909394459,08da45e3-bc56-4425-bad2-55d191676b79,75,100,1500912501530
753,1500914137320,815717e9-cd15-4d4e-b35c-a0206bc0aa24,33,76,1500921398841
926,1500921104396,08da45e3-bc56-4425-bad2-55d191676b79,84,95,1500922994296
754,1500923248160,815717e9-cd15-4d4e-b35c-a0206bc0aa24,71,96,1500928222615
927,1500923251770,08da45e3-bc56-4425-bad2-55d191676b79,93,95,1500924339885
511,1500932112032,3a915327-f2f0-4e05-ae5c-179b2ccfaec2,2,2,1500932114421
512,1500932117088,3a915327-f2f0-4e05-ae5c-179b2ccfaec2,2,26,1500934852765
513,1500935650109,3a915327-f2f0-4e05-ae5c-179b2ccfaec2,19,74,1500939534470
991,1500941229088,8229e049-dd7a-42d2-b037-3839b23be516,15,25,1500944917657
892,1500944004124,259cc994-877a-4e94-bb4a-06b44c30be47,14,100,1500949143576
928,1500946393697,08da45e3-bc56-4425-bad2-55d191676b79,8,100,1500985816315
992,1500946642247,8229e049-dd7a-42d2-b037-3839b23be516,15,27,1500950616099
514,1500947713269,3a915327-f2f0-4e05-ae5c-179b2ccfaec2,46,100,1500996526808
755,1500950047929,815717e9-cd15-4d4e-b35c-a0206bc0aa24,46,100,1500979409142
993,1500952221966,8229e049-dd7a-42d2-b037-3839b23be516,18,72,1500970885397
1185,1500969685146,d58c3cb9-2543-4258-8695-ac3e310ba3ac,12,100,1500976830931
477,1500972559262,94311892-eecf-4de6-b127-2639da1764a7,43,77,1500976927277
1186,1500977116815,d58c3cb9-2543-4258-8695-ac3e310ba3ac,98,100,1500978362754
756,1500979409771,815717e9-cd15-4d4e-b35c-a0206bc0aa24,100,100,1500979861512
929,1500986911239,08da45e3-bc56-4425-bad2-55d191676b79,82,89,1500989314610
478,1500987353167,94311892-eecf-4de6-b127-2639da1764a7,70,70,1500987404092
479,1500987405499,94311892-eecf-4de6-b127-2639da1764a7,70,70,1500987437248
480,1500987789915,94311892-eecf-4de6-b127-2639da1764a7,70,70,1500987850223
500,1500999419493,53f52117-1170-4972-af68-8ecbe2132e72,93,96,1501235561930
481,1501000880412,94311892-eecf-4de6-b127-2639da1764a7,41,100,1501006867395
930,1501011878487,08da45e3-bc56-4425-bad2-55d191676b79,14,100,1501028917664
994,1501012139304,8229e049-dd7a-42d2-b037-3839b23be516,0,0,1501012140129
995,1501012141138,8229e049-dd7a-42d2-b037-3839b23be516,0,0,1501012141227
996,1501012143340,8229e049-dd7a-42d2-b037-3839b23be516,0,0,1501012144689
997,1501012148975,8229e049-dd7a-42d2-b037-3839b23be516,0,0,1501012149454
998,1501012152368,8229e049-dd7a-42d2-b037-3839b23be516,0,0,1501012153812
1000,1501012357600,8229e049-dd7a-42d2-b037-3839b23be516,0,0,1501012357981
1001,1501012359689,8229e049-dd7a-42d2-b037-3839b23be516,0,0,1501012360439
1002,1501012362491,8229e049-dd7a-42d2-b037-3839b23be516,0,0,1501012362825
999,1501012362670,8229e049-dd7a-42d2-b037-3839b23be516,0,0,1501012362932
1003,1501012363328,8229e049-dd7a-42d2-b037-3839b23be516,0,0,1501012364013
1004,1501012364529,8229e049-dd7a-42d2-b037-3839b23be516,0,0,1501012364707
1005,1501012366005,8229e049-dd7a-42d2-b037-3839b23be516,0,0,1501012366445
1006,1501012366875,8229e049-dd7a-42d2-b037-3839b23be516,0,0,1501012367087
1007,1501012367671,8229e049-dd7a-42d2-b037-3839b23be516,0,0,1501012367834
1008,1501012368179,8229e049-dd7a-42d2-b037-3839b23be516,0,0,1501012368445
1009,1501012369487,8229e049-dd7a-42d2-b037-3839b23be516,0,0,1501012369671
1010,1501012369981,8229e049-dd7a-42d2-b037-3839b23be516,0,0,1501012370545
1011,1501012371082,8229e049-dd7a-42d2-b037-3839b23be516,0,0,1501012371399
1012,1501012373662,8229e049-dd7a-42d2-b037-3839b23be516,0,0,1501012373906
1013,1501012374288,8229e049-dd7a-42d2-b037-3839b23be516,0,0,1501012374824
1014,1501012375127,8229e049-dd7a-42d2-b037-3839b23be516,0,0,1501012375735
1015,1501012376583,8229e049-dd7a-42d2-b037-3839b23be516,0,0,1501012377349
1016,1501012377879,8229e049-dd7a-42d2-b037-3839b23be516,0,0,1501012378319
1017,1501012378767,8229e049-dd7a-42d2-b037-3839b23be516,0,0,1501012379127
1018,1501012380939,8229e049-dd7a-42d2-b037-3839b23be516,0,0,1501012381149
1019,1501012381659,8229e049-dd7a-42d2-b037-3839b23be516,0,0,1501012381992
1020,1501012382361,8229e049-dd7a-42d2-b037-3839b23be516,0,74,1501061433370
515,1501016842747,3a915327-f2f0-4e05-ae5c-179b2ccfaec2,14,100,1501071326238
757,1501022913823,815717e9-cd15-4d4e-b35c-a0206bc0aa24,34,34,1501022916734
758,1501022916924,815717e9-cd15-4d4e-b35c-a0206bc0aa24,34,34,1501022917306
759,1501022917439,815717e9-cd15-4d4e-b35c-a0206bc0aa24,34,65,1501027854207
1187,1501027671721,d58c3cb9-2543-4258-8695-ac3e310ba3ac,5,99,1501033203015
760,1501036900735,815717e9-cd15-4d4e-b35c-a0206bc0aa24,39,39,1501036900918
761,1501036903761,815717e9-cd15-4d4e-b35c-a0206bc0aa24,39,39,1501036922401
762,1501036933058,815717e9-cd15-4d4e-b35c-a0206bc0aa24,39,39,1501036936448
763,1501036939302,815717e9-cd15-4d4e-b35c-a0206bc0aa24,39,43,1501037401030
1188,1501037993293,d58c3cb9-2543-4258-8695-ac3e310ba3ac,77,100,1501063038410
931,1501042104304,08da45e3-bc56-4425-bad2-55d191676b79,24,100,1501073981169
764,1501067255165,815717e9-cd15-4d4e-b35c-a0206bc0aa24,29,75,1501075361828
932,1501079366650,08da45e3-bc56-4425-bad2-55d191676b79,60,100,1501083161778
482,1501085747769,94311892-eecf-4de6-b127-2639da1764a7,23,100,1501106419568
1189,1501091865623,d58c3cb9-2543-4258-8695-ac3e310ba3ac,39,39,1501091926776
1190,1501091931460,d58c3cb9-2543-4258-8695-ac3e310ba3ac,39,39,1501091941702
1191,1501091943241,d58c3cb9-2543-4258-8695-ac3e310ba3ac,39,60,1501092924074
765,1501098795871,815717e9-cd15-4d4e-b35c-a0206bc0aa24,30,43,1501101099222
933,1501104601823,08da45e3-bc56-4425-bad2-55d191676b79,12,40,1501107269715
934,1501107343098,08da45e3-bc56-4425-bad2-55d191676b79,39,64,1501109807332
766,1501110336410,815717e9-cd15-4d4e-b35c-a0206bc0aa24,25,26,1501110462148
767,1501110740056,815717e9-cd15-4d4e-b35c-a0206bc0aa24,25,28,1501111330187
768,1501111591421,815717e9-cd15-4d4e-b35c-a0206bc0aa24,26,42,1501113384396
516,1501113300070,3a915327-f2f0-4e05-ae5c-179b2ccfaec2,6,88,1501121311039
1192,1501118125419,d58c3cb9-2543-4258-8695-ac3e310ba3ac,5,4,1501118145463
1193,1501118146458,d58c3cb9-2543-4258-8695-ac3e310ba3ac,4,3,1501118178096
1194,1501118184954,d58c3cb9-2543-4258-8695-ac3e310ba3ac,3,3,1501118207740
1195,1501118209292,d58c3cb9-2543-4258-8695-ac3e310ba3ac,3,3,1501118211857
1196,1501118215258,d58c3cb9-2543-4258-8695-ac3e310ba3ac,3,91,1501122291191
769,1501124914585,815717e9-cd15-4d4e-b35c-a0206bc0aa24,18,93,1501132951286
935,1501127626160,08da45e3-bc56-4425-bad2-55d191676b79,8,100,1501160821192
1197,1501129692327,d58c3cb9-2543-4258-8695-ac3e310ba3ac,54,100,1501148661674
770,1501149367579,815717e9-cd15-4d4e-b35c-a0206bc0aa24,88,100,1501152785581
1021,1501158342203,8229e049-dd7a-42d2-b037-3839b23be516,0,0,1501158343804
1022,1501158345139,8229e049-dd7a-42d2-b037-3839b23be516,0,0,1501158345778
1023,1501158347290,8229e049-dd7a-42d2-b037-3839b23be516,0,0,1501158348470
1024,1501158350636,8229e049-dd7a-42d2-b037-3839b23be516,0,0,1501158351312
1025,1501158352497,8229e049-dd7a-42d2-b037-3839b23be516,0,0,1501158353378
1026,1501158355092,8229e049-dd7a-42d2-b037-3839b23be516,0,0,1501158355682
1027,1501158355952,8229e049-dd7a-42d2-b037-3839b23be516,0,0,1501158356373
1028,1501158356983,8229e049-dd7a-42d2-b037-3839b23be516,0,0,1501158357191
1029,1501158357769,8229e049-dd7a-42d2-b037-3839b23be516,0,0,1501158358523
1030,1501158359191,8229e049-dd7a-42d2-b037-3839b23be516,0,0,1501158359565
1031,1501158360856,8229e049-dd7a-42d2-b037-3839b23be516,0,0,1501158361230
1032,1501158362322,8229e049-dd7a-42d2-b037-3839b23be516,0,0,1501158362703
1033,1501158366704,8229e049-dd7a-42d2-b037-3839b23be516,0,0,1501158366914
1034,1501158368164,8229e049-dd7a-42d2-b037-3839b23be516,0,0,1501158368380
1035,1501158369133,8229e049-dd7a-42d2-b037-3839b23be516,0,0,1501158369642
1036,1501158370505,8229e049-dd7a-42d2-b037-3839b23be516,0,0,1501158370678
1037,1501158371261,8229e049-dd7a-42d2-b037-3839b23be516,0,0,1501158372025
1038,1501158372994,8229e049-dd7a-42d2-b037-3839b23be516,0,0,1501158373906
1039,1501158374228,8229e049-dd7a-42d2-b037-3839b23be516,0,0,1501158375005
1040,1501158375792,8229e049-dd7a-42d2-b037-3839b23be516,0,0,1501158376328
1041,1501158377001,8229e049-dd7a-42d2-b037-3839b23be516,0,0,1501158378714
936,1501162871065,08da45e3-bc56-4425-bad2-55d191676b79,79,100,1501165956407
517,1501170108868,3a915327-f2f0-4e05-ae5c-179b2ccfaec2,10,27,1501171663373
518,1501171693961,3a915327-f2f0-4e05-ae5c-179b2ccfaec2,26,80,1501176666032
1042,1501174437476,8229e049-dd7a-42d2-b037-3839b23be516,14,14,1501174470051
1043,1501174488786,8229e049-dd7a-42d2-b037-3839b23be516,14,13,1501174490617
1044,1501174506349,8229e049-dd7a-42d2-b037-3839b23be516,13,32,1501182793441
483,1501175997791,94311892-eecf-4de6-b127-2639da1764a7,2,4,1501176094827
484,1501176639857,94311892-eecf-4de6-b127-2639da1764a7,3,99,1501196406713
519,1501189419364,3a915327-f2f0-4e05-ae5c-179b2ccfaec2,2,30,1501192082159
937,1501189575523,08da45e3-bc56-4425-bad2-55d191676b79,4,66,1501193537257
520,1501192098612,3a915327-f2f0-4e05-ae5c-179b2ccfaec2,29,33,1501192601410
938,1501193575299,08da45e3-bc56-4425-bad2-55d191676b79,66,68,1501194215112
521,1501194155533,3a915327-f2f0-4e05-ae5c-179b2ccfaec2,19,92,1501203269615
939,1501196724927,08da45e3-bc56-4425-bad2-55d191676b79,55,97,1501200742686
771,1501197927575,815717e9-cd15-4d4e-b35c-a0206bc0aa24,34,54,1501200327673
501,1501201097780,53f52117-1170-4972-af68-8ecbe2132e72,96,96,1501202981991
893,1501210421048,259cc994-877a-4e94-bb4a-06b44c30be47,29,37,1501211010989
772,1501210559449,815717e9-cd15-4d4e-b35c-a0206bc0aa24,31,100,1501234364395
522,1501211266375,3a915327-f2f0-4e05-ae5c-179b2ccfaec2,56,100,1501245014020
940,1501214108545,08da45e3-bc56-4425-bad2-55d191676b79,33,100,1501240221310
894,1501225011368,259cc994-877a-4e94-bb4a-06b44c30be47,3,39,1501226324965
895,1501226388449,259cc994-877a-4e94-bb4a-06b44c30be47,39,100,1501231181022
1198,1501231892359,d58c3cb9-2543-4258-8695-ac3e310ba3ac,47,100,1501237183194
502,1501235571933,53f52117-1170-4972-af68-8ecbe2132e72,96,98,1501235964959
941,1501241716428,08da45e3-bc56-4425-bad2-55d191676b79,87,100,1501244170994
1045,1501243475505,8229e049-dd7a-42d2-b037-3839b23be516,15,16,1501243711093
1046,1501243774122,8229e049-dd7a-42d2-b037-3839b23be516,16,16,1501243792780
1047,1501243793486,8229e049-dd7a-42d2-b037-3839b23be516,16,45,1501252207787
1048,1501257481160,8229e049-dd7a-42d2-b037-3839b23be516,30,54,1501264926859
523,1501260616026,3a915327-f2f0-4e05-ae5c-179b2ccfaec2,1,33,1501265852213
524,1501266290825,3a915327-f2f0-4e05-ae5c-179b2ccfaec2,30,29,1501266399471
525,1501266413251,3a915327-f2f0-4e05-ae5c-179b2ccfaec2,29,27,1501267559054
1049,1501266465810,8229e049-dd7a-42d2-b037-3839b23be516,45,49,1501268655713
526,1501268022733,3a915327-f2f0-4e05-ae5c-179b2ccfaec2,21,68,1501271493471
942,1501270643822,08da45e3-bc56-4425-bad2-55d191676b79,3,100,1501281857748
527,1501276436064,3a915327-f2f0-4e05-ae5c-179b2ccfaec2,21,21,1501277762330
773,1501278556526,815717e9-cd15-4d4e-b35c-a0206bc0aa24,34,47,1501280269643
528,1501279630296,3a915327-f2f0-4e05-ae5c-179b2ccfaec2,2,27,1501281666806
1199,1501280840853,d58c3cb9-2543-4258-8695-ac3e310ba3ac,17,56,1501283301800
529,1501281784724,3a915327-f2f0-4e05-ae5c-179b2ccfaec2,26,26,1501281790736
943,1501281865960,08da45e3-bc56-4425-bad2-55d191676b79,100,100,1501281867898
1050,1501282072977,8229e049-dd7a-42d2-b037-3839b23be516,24,100,1501328447536
530,1501282791831,3a915327-f2f0-4e05-ae5c-179b2ccfaec2,15,44,1501287151679
1200,1501283305226,d58c3cb9-2543-4258-8695-ac3e310ba3ac,56,56,1501283311504
1201,1501283312873,d58c3cb9-2543-4258-8695-ac3e310ba3ac,56,59,1501283525337
1202,1501283526059,d58c3cb9-2543-4258-8695-ac3e310ba3ac,59,95,1501286061929
774,1501283895542,815717e9-cd15-4d4e-b35c-a0206bc0aa24,38,38,1501283903646
775,1501283905571,815717e9-cd15-4d4e-b35c-a0206bc0aa24,38,55,1501285996795
776,1501286059518,815717e9-cd15-4d4e-b35c-a0206bc0aa24,55,82,1501288709050
531,1501287664877,3a915327-f2f0-4e05-ae5c-179b2ccfaec2,40,42,1501287984716
777,1501288709362,815717e9-cd15-4d4e-b35c-a0206bc0aa24,82,87,1501289980322
778,1501289981759,815717e9-cd15-4d4e-b35c-a0206bc0aa24,87,87,1501289981895
532,1501291896681,3a915327-f2f0-4e05-ae5c-179b2ccfaec2,67,73,1501292381119
533,1501295411437,3a915327-f2f0-4e05-ae5c-179b2ccfaec2,62,100,1501313485078
944,1501298224545,08da45e3-bc56-4425-bad2-55d191676b79,36,100,1501328283797
896,1501310852299,259cc994-877a-4e94-bb4a-06b44c30be47,8,20,1501311503410
897,1501319150631,259cc994-877a-4e94-bb4a-06b44c30be47,15,22,1501319580369
898,1501319585209,259cc994-877a-4e94-bb4a-06b44c30be47,22,22,1501319598499
534,1501324730510,3a915327-f2f0-4e05-ae5c-179b2ccfaec2,72,73,1501324897461
535,1501324971844,3a915327-f2f0-4e05-ae5c-179b2ccfaec2,72,72,1501325071733
1203,1501326148915,d58c3cb9-2543-4258-8695-ac3e310ba3ac,40,100,1501331242907
779,1501328656397,815717e9-cd15-4d4e-b35c-a0206bc0aa24,11,75,1501334409591
780,1501334409998,815717e9-cd15-4d4e-b35c-a0206bc0aa24,75,77,1501334888674
781,1501334901548,815717e9-cd15-4d4e-b35c-a0206bc0aa24,77,77,1501334931609
782,1501335521919,815717e9-cd15-4d4e-b35c-a0206bc0aa24,76,76,1501335522074
783,1501335527580,815717e9-cd15-4d4e-b35c-a0206bc0aa24,76,76,1501335528545
784,1501335706837,815717e9-cd15-4d4e-b35c-a0206bc0aa24,76,76,1501335730621
785,1501335733577,815717e9-cd15-4d4e-b35c-a0206bc0aa24,76,78,1501335881361
786,1501335883509,815717e9-cd15-4d4e-b35c-a0206bc0aa24,78,78,1501335903313
787,1501335904222,815717e9-cd15-4d4e-b35c-a0206bc0aa24,78,78,1501335967687
788,1501335971009,815717e9-cd15-4d4e-b35c-a0206bc0aa24,78,79,1501335979945
789,1501335980901,815717e9-cd15-4d4e-b35c-a0206bc0aa24,79,79,1501335982712
790,1501335982812,815717e9-cd15-4d4e-b35c-a0206bc0aa24,79,90,1501337502926
899,1501341617648,259cc994-877a-4e94-bb4a-06b44c30be47,3,56,1501344516145
791,1501344059557,815717e9-cd15-4d4e-b35c-a0206bc0aa24,74,89,1501345901051
792,1501345901698,815717e9-cd15-4d4e-b35c-a0206bc0aa24,89,92,1501346543661
793,1501346552294,815717e9-cd15-4d4e-b35c-a0206bc0aa24,92,93,1501346617817
794,1501346639204,815717e9-cd15-4d4e-b35c-a0206bc0aa24,93,93,1501346659395
795,1501346659656,815717e9-cd15-4d4e-b35c-a0206bc0aa24,93,93,1501346762685
796,1501346763166,815717e9-cd15-4d4e-b35c-a0206bc0aa24,93,96,1501347366768
536,1501346918300,3a915327-f2f0-4e05-ae5c-179b2ccfaec2,1,100,1501358566837
797,1501347408682,815717e9-cd15-4d4e-b35c-a0206bc0aa24,96,98,1501347882048
900,1501347455591,259cc994-877a-4e94-bb4a-06b44c30be47,29,100,1501375106452
798,1501348003711,815717e9-cd15-4d4e-b35c-a0206bc0aa24,98,98,1501348008191
799,1501348279062,815717e9-cd15-4d4e-b35c-a0206bc0aa24,98,99,1501348615956
800,1501348616425,815717e9-cd15-4d4e-b35c-a0206bc0aa24,99,99,1501348618424
801,1501348619255,815717e9-cd15-4d4e-b35c-a0206bc0aa24,99,100,1501348927182
802,1501348927864,815717e9-cd15-4d4e-b35c-a0206bc0aa24,100,100,1501348932249
803,1501349298217,815717e9-cd15-4d4e-b35c-a0206bc0aa24,100,100,1501349562307
804,1501349562488,815717e9-cd15-4d4e-b35c-a0206bc0aa24,100,100,1501349578420
805,1501349896004,815717e9-cd15-4d4e-b35c-a0206bc0aa24,100,100,1501349897065
806,1501349900134,815717e9-cd15-4d4e-b35c-a0206bc0aa24,100,100,1501350090103
807,1501350092988,815717e9-cd15-4d4e-b35c-a0206bc0aa24,100,100,1501350102501
808,1501350103421,815717e9-cd15-4d4e-b35c-a0206bc0aa24,100,100,1501350103733
809,1501350112245,815717e9-cd15-4d4e-b35c-a0206bc0aa24,100,100,1501350120656
810,1501350120761,815717e9-cd15-4d4e-b35c-a0206bc0aa24,100,100,1501350123735
811,1501350145110,815717e9-cd15-4d4e-b35c-a0206bc0aa24,100,100,1501350179664
945,1501350162572,08da45e3-bc56-4425-bad2-55d191676b79,77,100,1501352828420
812,1501350219832,815717e9-cd15-4d4e-b35c-a0206bc0aa24,100,100,1501350239778
813,1501350244318,815717e9-cd15-4d4e-b35c-a0206bc0aa24,100,100,1501350250782
814,1501350251012,815717e9-cd15-4d4e-b35c-a0206bc0aa24,100,100,1501350272751
815,1501350275162,815717e9-cd15-4d4e-b35c-a0206bc0aa24,100,100,1501350349444
816,1501350490913,815717e9-cd15-4d4e-b35c-a0206bc0aa24,100,100,1501350525480
817,1501350608747,815717e9-cd15-4d4e-b35c-a0206bc0aa24,100,100,1501350620063
818,1501350622241,815717e9-cd15-4d4e-b35c-a0206bc0aa24,100,100,1501351000865
819,1501351001476,815717e9-cd15-4d4e-b35c-a0206bc0aa24,100,100,1501351001660
820,1501351006132,815717e9-cd15-4d4e-b35c-a0206bc0aa24,100,100,1501351007001
821,1501351008217,815717e9-cd15-4d4e-b35c-a0206bc0aa24,100,100,1501351010484
822,1501351133399,815717e9-cd15-4d4e-b35c-a0206bc0aa24,100,100,1501351133517
823,1501351134539,815717e9-cd15-4d4e-b35c-a0206bc0aa24,100,100,1501351192395
824,1501351194016,815717e9-cd15-4d4e-b35c-a0206bc0aa24,100,100,1501351271690
825,1501351272553,815717e9-cd15-4d4e-b35c-a0206bc0aa24,100,100,1501351385922
826,1501351386425,815717e9-cd15-4d4e-b35c-a0206bc0aa24,100,100,1501351549643
827,1501351649501,815717e9-cd15-4d4e-b35c-a0206bc0aa24,100,100,1501351768726
828,1501351768856,815717e9-cd15-4d4e-b35c-a0206bc0aa24,100,100,1501351769453
829,1501351769626,815717e9-cd15-4d4e-b35c-a0206bc0aa24,100,100,1501351805045
830,1501351805222,815717e9-cd15-4d4e-b35c-a0206bc0aa24,100,100,1501351805473
831,1501351805644,815717e9-cd15-4d4e-b35c-a0206bc0aa24,100,100,1501351808038
832,1501351808651,815717e9-cd15-4d4e-b35c-a0206bc0aa24,100,100,1501351811064
833,1501351811261,815717e9-cd15-4d4e-b35c-a0206bc0aa24,100,100,1501351864784
834,1501351865371,815717e9-cd15-4d4e-b35c-a0206bc0aa24,100,100,1501351865493
835,1501352067497,815717e9-cd15-4d4e-b35c-a0206bc0aa24,100,100,1501352069099
836,1501352070300,815717e9-cd15-4d4e-b35c-a0206bc0aa24,100,100,1501352070443
837,1501352071445,815717e9-cd15-4d4e-b35c-a0206bc0aa24,100,100,1501352130487
838,1501352131446,815717e9-cd15-4d4e-b35c-a0206bc0aa24,100,100,1501352131533
839,1501352131583,815717e9-cd15-4d4e-b35c-a0206bc0aa24,100,100,1501352131622
840,1501352132772,815717e9-cd15-4d4e-b35c-a0206bc0aa24,100,100,1501352227037
841,1501352227369,815717e9-cd15-4d4e-b35c-a0206bc0aa24,100,100,1501352228316
842,1501352229014,815717e9-cd15-4d4e-b35c-a0206bc0aa24,100,100,1501352337786
843,1501352340988,815717e9-cd15-4d4e-b35c-a0206bc0aa24,100,100,1501352342576
844,1501352343980,815717e9-cd15-4d4e-b35c-a0206bc0aa24,100,100,1501352516587
845,1501352518769,815717e9-cd15-4d4e-b35c-a0206bc0aa24,100,100,1501352548171
846,1501352548858,815717e9-cd15-4d4e-b35c-a0206bc0aa24,100,100,1501352585741
847,1501352586362,815717e9-cd15-4d4e-b35c-a0206bc0aa24,100,100,1501352741006
848,1501352742099,815717e9-cd15-4d4e-b35c-a0206bc0aa24,100,100,1501352807541
849,1501352814907,815717e9-cd15-4d4e-b35c-a0206bc0aa24,100,100,1501352825219
850,1501352825333,815717e9-cd15-4d4e-b35c-a0206bc0aa24,100,100,1501352863662
851,1501352968315,815717e9-cd15-4d4e-b35c-a0206bc0aa24,100,100,1501353006292
852,1501353141915,815717e9-cd15-4d4e-b35c-a0206bc0aa24,100,100,1501353206379
853,1501353207718,815717e9-cd15-4d4e-b35c-a0206bc0aa24,100,100,1501354065386
854,1501354521424,815717e9-cd15-4d4e-b35c-a0206bc0aa24,100,100,1501354550987
855,1501354558807,815717e9-cd15-4d4e-b35c-a0206bc0aa24,100,100,1501354579115
1204,1501361987682,d58c3cb9-2543-4258-8695-ac3e310ba3ac,23,57,1501363479532
537,1501362572961,3a915327-f2f0-4e05-ae5c-179b2ccfaec2,70,89,1501364857330
946,1501363367816,08da45e3-bc56-4425-bad2-55d191676b79,51,100,1501373519630
538,1501373472224,3a915327-f2f0-4e05-ae5c-179b2ccfaec2,1,1,1501373472884
539,1501373500487,3a915327-f2f0-4e05-ae5c-179b2ccfaec2,1,1,1501373502473
540,1501373513157,3a915327-f2f0-4e05-ae5c-179b2ccfaec2,1,100,1501401871146
856,1501385908982,815717e9-cd15-4d4e-b35c-a0206bc0aa24,65,100,1501406942878
947,1501388104278,08da45e3-bc56-4425-bad2-55d191676b79,43,100,1501419188732
1205,1501396024428,d58c3cb9-2543-4258-8695-ac3e310ba3ac,18,100,1501407448271
857,1501406943504,815717e9-cd15-4d4e-b35c-a0206bc0aa24,100,100,1501407626925
858,1501407627132,815717e9-cd15-4d4e-b35c-a0206bc0aa24,100,100,1501408605607
859,1501408606076,815717e9-cd15-4d4e-b35c-a0206bc0aa24,100,100,1501410961261
948,1501421453716,08da45e3-bc56-4425-bad2-55d191676b79,90,100,1501424425626
541,1501431222078,3a915327-f2f0-4e05-ae5c-179b2ccfaec2,1,78,1501436674493
949,1501437597045,08da45e3-bc56-4425-bad2-55d191676b79,36,75,1501440161334
950,1501440199793,08da45e3-bc56-4425-bad2-55d191676b79,75,100,1501448380712
860,1501449511855,815717e9-cd15-4d4e-b35c-a0206bc0aa24,27,29,1501449887489
861,1501449888147,815717e9-cd15-4d4e-b35c-a0206bc0aa24,29,42,1501451398773
862,1501451480595,815717e9-cd15-4d4e-b35c-a0206bc0aa24,42,57,1501452858196
542,1501457240433,3a915327-f2f0-4e05-ae5c-179b2ccfaec2,10,49,1501463827666
1206,1501457387250,d58c3cb9-2543-4258-8695-ac3e310ba3ac,3,38,1501459211940
1207,1501460354903,d58c3cb9-2543-4258-8695-ac3e310ba3ac,37,68,1501461797255
863,1501461246963,815717e9-cd15-4d4e-b35c-a0206bc0aa24,55,79,1501463408209
864,1501467161312,815717e9-cd15-4d4e-b35c-a0206bc0aa24,74,88,1501468872989
543,1501467203267,3a915327-f2f0-4e05-ae5c-179b2ccfaec2,28,39,1501468761406
1208,1501468364849,d58c3cb9-2543-4258-8695-ac3e310ba3ac,36,100,1501494664031
544,1501468769580,3a915327-f2f0-4e05-ae5c-179b2ccfaec2,39,100,1501499704230
951,1501473847653,08da45e3-bc56-4425-bad2-55d191676b79,21,100,1501500389701
865,1501490439955,815717e9-cd15-4d4e-b35c-a0206bc0aa24,80,80,1501490442803
866,1501490444192,815717e9-cd15-4d4e-b35c-a0206bc0aa24,80,80,1501490444399
867,1501490444942,815717e9-cd15-4d4e-b35c-a0206bc0aa24,80,80,1501490463739
868,1501490466445,815717e9-cd15-4d4e-b35c-a0206bc0aa24,80,81,1501490587758
869,1501490597528,815717e9-cd15-4d4e-b35c-a0206bc0aa24,81,89,1501491609048
1051,1501505294941,8229e049-dd7a-42d2-b037-3839b23be516,9,23,1501511566095
952,1501515348155,08da45e3-bc56-4425-bad2-55d191676b79,22,95,1501521618546
1052,1501516509434,8229e049-dd7a-42d2-b037-3839b23be516,15,15,1501516522449
1053,1501516529171,8229e049-dd7a-42d2-b037-3839b23be516,15,84,1501524826453
1209,1501520755690,d58c3cb9-2543-4258-8695-ac3e310ba3ac,22,68,1501522815081
1054,1501524833672,8229e049-dd7a-42d2-b037-3839b23be516,84,100,1501537961285
870,1501537028586,815717e9-cd15-4d4e-b35c-a0206bc0aa24,3,4,1501537167949
871,1501537173690,815717e9-cd15-4d4e-b35c-a0206bc0aa24,4,4,1501537173732
872,1501537173814,815717e9-cd15-4d4e-b35c-a0206bc0aa24,4,20,1501538990828
953,1501538746499,08da45e3-bc56-4425-bad2-55d191676b79,13,38,1501540572252
954,1501540604148,08da45e3-bc56-4425-bad2-55d191676b79,38,84,1501545098283
545,1501544340351,3a915327-f2f0-4e05-ae5c-179b2ccfaec2,19,67,1501548650783
955,1501545105544,08da45e3-bc56-4425-bad2-55d191676b79,84,84,1501545127069
873,1501548462625,815717e9-cd15-4d4e-b35c-a0206bc0aa24,6,6,1501548462836
874,1501548474204,815717e9-cd15-4d4e-b35c-a0206bc0aa24,6,69,1501554497707
546,1501548756165,3a915327-f2f0-4e05-ae5c-179b2ccfaec2,67,97,1501551467342
547,1501551522452,3a915327-f2f0-4e05-ae5c-179b2ccfaec2,96,100,1501556543119
956,1501554663598,08da45e3-bc56-4425-bad2-55d191676b79,38,47,1501555443250
875,1501554893162,815717e9-cd15-4d4e-b35c-a0206bc0aa24,68,70,1501555331628
957,1501555468492,08da45e3-bc56-4425-bad2-55d191676b79,47,47,1501555469199
958,1501555471026,08da45e3-bc56-4425-bad2-55d191676b79,47,78,1501558110894
876,1501555614307,815717e9-cd15-4d4e-b35c-a0206bc0aa24,69,69,1501555614371
877,1501555635529,815717e9-cd15-4d4e-b35c-a0206bc0aa24,69,69,1501555635563
878,1501555638951,815717e9-cd15-4d4e-b35c-a0206bc0aa24,69,69,1501555642943
1057,1501555655260,815717e9-cd15-4d4e-b35c-a0206bc0aa24,69,100,1501579628302
959,1501558120168,08da45e3-bc56-4425-bad2-55d191676b79,78,80,1501558714574
960,1501558727267,08da45e3-bc56-4425-bad2-55d191676b79,80,96,1501561077676
1210,1501559989818,d58c3cb9-2543-4258-8695-ac3e310ba3ac,3,42,1501561669532
1211,1501579324304,d58c3cb9-2543-4258-8695-ac3e310ba3ac,38,98,1501583281346
1058,1501579629020,815717e9-cd15-4d4e-b35c-a0206bc0aa24,100,100,1501579631785
1063,1501582048055,259cc994-877a-4e94-bb4a-06b44c30be47,26,83,1501584508436
1062,1501584591875,53f52117-1170-4972-af68-8ecbe2132e72,23,100,1501594437517
1067,1501600210147,53f52117-1170-4972-af68-8ecbe2132e72,97,88,1501756066023
1055,1501603063935,08da45e3-bc56-4425-bad2-55d191676b79,25,98,1501609288813
1064,1501606904866,259cc994-877a-4e94-bb4a-06b44c30be47,52,53,1501606963121
1056,1501609292351,08da45e3-bc56-4425-bad2-55d191676b79,98,98,1501609748425
1060,1501609449583,94311892-eecf-4de6-b127-2639da1764a7,2,6,1501609637671
1069,1501609943976,08da45e3-bc56-4425-bad2-55d191676b79,98,100,1501615563198
1061,1501610623812,94311892-eecf-4de6-b127-2639da1764a7,3,99,1501627508206
1070,1501617748793,08da45e3-bc56-4425-bad2-55d191676b79,91,100,1501624398195
1059,1501630646216,815717e9-cd15-4d4e-b35c-a0206bc0aa24,5,16,1501631649868
1068,1501633023514,8229e049-dd7a-42d2-b037-3839b23be516,10,97,1501669182027
1095,1501634383657,815717e9-cd15-4d4e-b35c-a0206bc0aa24,13,100,1501666627070
1065,1501641807799,259cc994-877a-4e94-bb4a-06b44c30be47,7,73,1501644290399
1212,1501643588161,d58c3cb9-2543-4258-8695-ac3e310ba3ac,1,100,1501669535042
1071,1501647323703,08da45e3-bc56-4425-bad2-55d191676b79,46,100,1501677937257
1096,1501666627825,815717e9-cd15-4d4e-b35c-a0206bc0aa24,100,100,1501667983137
1072,1501686232306,08da45e3-bc56-4425-bad2-55d191676b79,87,100,1501692435241
1097,1501711939679,815717e9-cd15-4d4e-b35c-a0206bc0aa24,2,2,1501711939777
1213,1501712012352,d58c3cb9-2543-4258-8695-ac3e310ba3ac,5,14,1501712946601
1214,1501713524647,d58c3cb9-2543-4258-8695-ac3e310ba3ac,14,23,1501714542780
1073,1501714450616,08da45e3-bc56-4425-bad2-55d191676b79,42,42,1501714450991
1074,1501714462355,08da45e3-bc56-4425-bad2-55d191676b79,42,42,1501714463009
1075,1501714499496,08da45e3-bc56-4425-bad2-55d191676b79,41,63,1501716140404
1215,1501718379507,d58c3cb9-2543-4258-8695-ac3e310ba3ac,19,100,1501725436361
1066,1501728531086,259cc994-877a-4e94-bb4a-06b44c30be47,14,17,1501728634944
1098,1501729035305,815717e9-cd15-4d4e-b35c-a0206bc0aa24,63,100,1501738858346
1076,1501729219715,08da45e3-bc56-4425-bad2-55d191676b79,1,100,1501759815418
1099,1501738858462,815717e9-cd15-4d4e-b35c-a0206bc0aa24,100,100,1501740326580
1100,1501740326691,815717e9-cd15-4d4e-b35c-a0206bc0aa24,100,100,1501741954595
1101,1501741955430,815717e9-cd15-4d4e-b35c-a0206bc0aa24,100,100,1501741955487
1102,1501741955619,815717e9-cd15-4d4e-b35c-a0206bc0aa24,100,100,1501741960222
1103,1501741960433,815717e9-cd15-4d4e-b35c-a0206bc0aa24,100,100,1501741967766
1104,1501741967973,815717e9-cd15-4d4e-b35c-a0206bc0aa24,100,100,1501741970234
1105,1501741970457,815717e9-cd15-4d4e-b35c-a0206bc0aa24,100,100,1501741973183
1106,1501741973216,815717e9-cd15-4d4e-b35c-a0206bc0aa24,100,100,1501741973257
1107,1501741973370,815717e9-cd15-4d4e-b35c-a0206bc0aa24,100,100,1501741973562
1108,1501741973769,815717e9-cd15-4d4e-b35c-a0206bc0aa24,100,100,1501741973975
1109,1501741974166,815717e9-cd15-4d4e-b35c-a0206bc0aa24,100,100,1501741974453
1110,1501741974627,815717e9-cd15-4d4e-b35c-a0206bc0aa24,100,100,1501741974819
1111,1501741975109,815717e9-cd15-4d4e-b35c-a0206bc0aa24,100,100,1501741977363
1112,1501741977559,815717e9-cd15-4d4e-b35c-a0206bc0aa24,100,100,1501741978179
1113,1501741978432,815717e9-cd15-4d4e-b35c-a0206bc0aa24,100,100,1501741979029
1114,1501741979202,815717e9-cd15-4d4e-b35c-a0206bc0aa24,100,100,1501741979850
1115,1501741980124,815717e9-cd15-4d4e-b35c-a0206bc0aa24,100,100,1501741980684
1116,1501741980880,815717e9-cd15-4d4e-b35c-a0206bc0aa24,100,100,1501741981125
1117,1501741981424,815717e9-cd15-4d4e-b35c-a0206bc0aa24,100,100,1501741982506
1118,1501741982876,815717e9-cd15-4d4e-b35c-a0206bc0aa24,100,100,1501741983030
1119,1501741983112,815717e9-cd15-4d4e-b35c-a0206bc0aa24,100,100,1501741983207
1120,1501741983359,815717e9-cd15-4d4e-b35c-a0206bc0aa24,100,100,1501741983478
1121,1501741983676,815717e9-cd15-4d4e-b35c-a0206bc0aa24,100,100,1501741983735
1122,1501741983928,815717e9-cd15-4d4e-b35c-a0206bc0aa24,100,100,1501741984127
1123,1501741984307,815717e9-cd15-4d4e-b35c-a0206bc0aa24,100,100,1501741984485
1124,1501741984709,815717e9-cd15-4d4e-b35c-a0206bc0aa24,100,100,1501741984880
1125,1501741985147,815717e9-cd15-4d4e-b35c-a0206bc0aa24,100,100,1501741985328
1126,1501741985482,815717e9-cd15-4d4e-b35c-a0206bc0aa24,100,100,1501741985718
1127,1501741985906,815717e9-cd15-4d4e-b35c-a0206bc0aa24,100,100,1501741987648
1128,1501741987749,815717e9-cd15-4d4e-b35c-a0206bc0aa24,100,100,1501748743433
1129,1501748743708,815717e9-cd15-4d4e-b35c-a0206bc0aa24,100,100,1501748743874
1130,1501748744099,815717e9-cd15-4d4e-b35c-a0206bc0aa24,100,100,1501750866261
1131,1501750868536,815717e9-cd15-4d4e-b35c-a0206bc0aa24,100,100,1501751472021
1216,1501751306932,d58c3cb9-2543-4258-8695-ac3e310ba3ac,58,100,1501755647731
1132,1501751472309,815717e9-cd15-4d4e-b35c-a0206bc0aa24,100,100,1501751488365
1133,1501751932649,815717e9-cd15-4d4e-b35c-a0206bc0aa24,100,100,1501751933886
1134,1501751935331,815717e9-cd15-4d4e-b35c-a0206bc0aa24,100,100,1501751939035
1135,1501751939707,815717e9-cd15-4d4e-b35c-a0206bc0aa24,100,100,1501751966044
1136,1501753450062,815717e9-cd15-4d4e-b35c-a0206bc0aa24,100,100,1501753450196
1224,1501765666744,259cc994-877a-4e94-bb4a-06b44c30be47,46,100,1501769525602
1217,1501776143381,d58c3cb9-2543-4258-8695-ac3e310ba3ac,48,95,1501778939856
1077,1501786493952,08da45e3-bc56-4425-bad2-55d191676b79,53,66,1501789224918
1078,1501791589597,08da45e3-bc56-4425-bad2-55d191676b79,43,43,1501791631819
1079,1501791648197,08da45e3-bc56-4425-bad2-55d191676b79,43,90,1501796557356
1080,1501801078097,08da45e3-bc56-4425-bad2-55d191676b79,54,55,1501801272585
1218,1501803255112,d58c3cb9-2543-4258-8695-ac3e310ba3ac,54,56,1501803415125
1219,1501803821503,d58c3cb9-2543-4258-8695-ac3e310ba3ac,56,81,1501805993443
1081,1501805924970,08da45e3-bc56-4425-bad2-55d191676b79,14,95,1501813176277
1137,1501812347087,815717e9-cd15-4d4e-b35c-a0206bc0aa24,13,13,1501812348246
1138,1501812348508,815717e9-cd15-4d4e-b35c-a0206bc0aa24,13,13,1501812348756
1139,1501812349161,815717e9-cd15-4d4e-b35c-a0206bc0aa24,13,13,1501812349345
1140,1501812349438,815717e9-cd15-4d4e-b35c-a0206bc0aa24,13,13,1501812349502
1141,1501812349635,815717e9-cd15-4d4e-b35c-a0206bc0aa24,13,13,1501812349694
1142,1501812363182,815717e9-cd15-4d4e-b35c-a0206bc0aa24,12,100,1501834864296
1082,1501813188771,08da45e3-bc56-4425-bad2-55d191676b79,95,100,1501846215061
1220,1501816343970,d58c3cb9-2543-4258-8695-ac3e310ba3ac,13,100,1501842155271
1225,1501832847846,259cc994-877a-4e94-bb4a-06b44c30be47,20,99,1501836842261
1143,1501834864849,815717e9-cd15-4d4e-b35c-a0206bc0aa24,100,100,1501839008171
1144,1501839008713,815717e9-cd15-4d4e-b35c-a0206bc0aa24,100,100,1501841476363
1083,1501851068607,08da45e3-bc56-4425-bad2-55d191676b79,89,100,1501852781846
1226,1501854614088,259cc994-877a-4e94-bb4a-06b44c30be47,43,58,1501855206064
1084,1501857789918,08da45e3-bc56-4425-bad2-55d191676b79,79,79,1501857792206
1085,1501857793045,08da45e3-bc56-4425-bad2-55d191676b79,79,94,1501858906642
1086,1501858990008,08da45e3-bc56-4425-bad2-55d191676b79,93,100,1501860025889
1087,1501860027708,08da45e3-bc56-4425-bad2-55d191676b79,100,100,1501860027972
1088,1501860028246,08da45e3-bc56-4425-bad2-55d191676b79,100,100,1501863681830
1089,1501865063384,08da45e3-bc56-4425-bad2-55d191676b79,88,89,1501865234232
1145,1501883396621,815717e9-cd15-4d4e-b35c-a0206bc0aa24,27,78,1501888088603
1090,1501888009397,08da45e3-bc56-4425-bad2-55d191676b79,2,2,1501888013242
1091,1501888024422,08da45e3-bc56-4425-bad2-55d191676b79,2,2,1501888026193
1092,1501888054508,08da45e3-bc56-4425-bad2-55d191676b79,2,2,1501888059749
1093,1501888060767,08da45e3-bc56-4425-bad2-55d191676b79,2,7,1501888580890
1146,1501888107056,815717e9-cd15-4d4e-b35c-a0206bc0aa24,78,78,1501888110051
1147,1501888287076,815717e9-cd15-4d4e-b35c-a0206bc0aa24,78,81,1501888644700
1094,1501888585231,08da45e3-bc56-4425-bad2-55d191676b79,7,9,1501889322623
1148,1501888645006,815717e9-cd15-4d4e-b35c-a0206bc0aa24,81,81,1501888659532
1149,1501888687676,815717e9-cd15-4d4e-b35c-a0206bc0aa24,81,81,1501888688693
1221,1501893141793,d58c3cb9-2543-4258-8695-ac3e310ba3ac,5,17,1501893799432
1227,1501897213966,259cc994-877a-4e94-bb4a-06b44c30be47,5,45,1501899471160
1222,1501901694800,d58c3cb9-2543-4258-8695-ac3e310ba3ac,7,100,1501907548095
1150,1501903704979,815717e9-cd15-4d4e-b35c-a0206bc0aa24,52,91,1501907909647
1228,1501910581198,259cc994-877a-4e94-bb4a-06b44c30be47,5,68,1501912998603
1229,1501914263589,259cc994-877a-4e94-bb4a-06b44c30be47,57,100,1501917860528
1223,1501923328859,d58c3cb9-2543-4258-8695-ac3e310ba3ac,88,100,1501927327775
