_id,timestamp,device_id,battery_start,battery_end,double_end_timestamp
10,1499755687208,0c735596-1a1c-4a35-bb02-55d90c4f86ac,29,20,1499756525848
11,1499758307215,0c735596-1a1c-4a35-bb02-55d90c4f86ac,30,30,1499758313268
12,1499760725324,0c735596-1a1c-4a35-bb02-55d90c4f86ac,55,50,1499761478366
13,1499776534931,0c735596-1a1c-4a35-bb02-55d90c4f86ac,100,77,1499779433119
14,1499810424735,0c735596-1a1c-4a35-bb02-55d90c4f86ac,100,65,1499820585113
15,1499826384703,0c735596-1a1c-4a35-bb02-55d90c4f86ac,100,95,1499826786811
16,1499830309470,0c735596-1a1c-4a35-bb02-55d90c4f86ac,100,63,1499833936675
17,1499834323098,0c735596-1a1c-4a35-bb02-55d90c4f86ac,66,63,1499835063720
22,1499837437707,08da45e3-bc56-4425-bad2-55d191676b79,51,51,1499837442321
18,1499839986809,0c735596-1a1c-4a35-bb02-55d90c4f86ac,100,97,1499840421991
19,1499842587312,0c735596-1a1c-4a35-bb02-55d90c4f86ac,100,91,1499843176516
23,1499858930865,08da45e3-bc56-4425-bad2-55d191676b79,100,99,1499859055241
24,1499876003322,08da45e3-bc56-4425-bad2-55d191676b79,100,3,1499906546091
548,1499885774919,815717e9-cd15-4d4e-b35c-a0206bc0aa24,85,35,1499914785076
20,1499895609044,0c735596-1a1c-4a35-bb02-55d90c4f86ac,100,89,1499896403498
21,1499900411077,0c735596-1a1c-4a35-bb02-55d90c4f86ac,100,78,1499907582830
25,1499906945227,08da45e3-bc56-4425-bad2-55d191676b79,9,9,1499906962582
26,1499907887976,08da45e3-bc56-4425-bad2-55d191676b79,25,25,1499907894258
27,1499910876322,08da45e3-bc56-4425-bad2-55d191676b79,57,57,1499910876576
28,1499913359940,08da45e3-bc56-4425-bad2-55d191676b79,72,71,1499913431236
29,1499913545725,08da45e3-bc56-4425-bad2-55d191676b79,71,71,1499913547235
30,1499913576792,08da45e3-bc56-4425-bad2-55d191676b79,71,71,1499913577844
31,1499913640812,08da45e3-bc56-4425-bad2-55d191676b79,71,71,1499913641690
32,1499913896556,08da45e3-bc56-4425-bad2-55d191676b79,71,70,1499913951011
33,1499913955095,08da45e3-bc56-4425-bad2-55d191676b79,70,7,1499948214503
41,1499925691530,0c735596-1a1c-4a35-bb02-55d90c4f86ac,100,93,1499931582736
42,1499932645674,0c735596-1a1c-4a35-bb02-55d90c4f86ac,100,95,1499934617886
549,1499934069957,815717e9-cd15-4d4e-b35c-a0206bc0aa24,100,100,1499934072199
550,1499934073043,815717e9-cd15-4d4e-b35c-a0206bc0aa24,100,100,1499934073883
551,1499934074000,815717e9-cd15-4d4e-b35c-a0206bc0aa24,100,100,1499934074367
552,1499934075888,815717e9-cd15-4d4e-b35c-a0206bc0aa24,100,100,1499934076240
43,1499935548149,0c735596-1a1c-4a35-bb02-55d90c4f86ac,100,91,1499936183843
553,1499936412269,815717e9-cd15-4d4e-b35c-a0206bc0aa24,100,100,1499936414925
554,1499937358173,815717e9-cd15-4d4e-b35c-a0206bc0aa24,100,100,1499937359733
555,1499937363077,815717e9-cd15-4d4e-b35c-a0206bc0aa24,100,100,1499937371451
556,1499937373810,815717e9-cd15-4d4e-b35c-a0206bc0aa24,100,100,1499937373862
557,1499937397410,815717e9-cd15-4d4e-b35c-a0206bc0aa24,100,100,1499937397586
44,1499940363284,0c735596-1a1c-4a35-bb02-55d90c4f86ac,100,73,1499953644900
558,1499940609459,815717e9-cd15-4d4e-b35c-a0206bc0aa24,100,36,1499980979965
1150,1499941411861,d58c3cb9-2543-4258-8695-ac3e310ba3ac,100,5,1500002245299
486,1499944411488,53f52117-1170-4972-af68-8ecbe2132e72,100,14,1500029350283
34,1499948215118,08da45e3-bc56-4425-bad2-55d191676b79,7,7,1499948217968
35,1499948226446,08da45e3-bc56-4425-bad2-55d191676b79,7,7,1499948230781
36,1499949565764,08da45e3-bc56-4425-bad2-55d191676b79,24,23,1499949609279
37,1499953474495,08da45e3-bc56-4425-bad2-55d191676b79,62,21,1499965803804
38,1499972950735,08da45e3-bc56-4425-bad2-55d191676b79,90,54,1499978605251
559,1499983163738,815717e9-cd15-4d4e-b35c-a0206bc0aa24,55,55,1499983164010
560,1499983164674,815717e9-cd15-4d4e-b35c-a0206bc0aa24,55,55,1499983166016
45,1499983210304,0c735596-1a1c-4a35-bb02-55d90c4f86ac,97,57,1499993531395
561,1499983236613,815717e9-cd15-4d4e-b35c-a0206bc0aa24,55,55,1499983239746
39,1499983308787,08da45e3-bc56-4425-bad2-55d191676b79,96,52,1499998658043
562,1499983427633,815717e9-cd15-4d4e-b35c-a0206bc0aa24,57,57,1499983427809
563,1499984068539,815717e9-cd15-4d4e-b35c-a0206bc0aa24,64,64,1499984081599
564,1499984169495,815717e9-cd15-4d4e-b35c-a0206bc0aa24,65,65,1499984169792
565,1499985226097,815717e9-cd15-4d4e-b35c-a0206bc0aa24,73,73,1499985226170
566,1499985226226,815717e9-cd15-4d4e-b35c-a0206bc0aa24,73,73,1499985228786
567,1499985469837,815717e9-cd15-4d4e-b35c-a0206bc0aa24,74,53,1500001575579
93,1499993718590,94311892-eecf-4de6-b127-2639da1764a7,24,24,1499993718737
94,1499993720523,94311892-eecf-4de6-b127-2639da1764a7,24,24,1499993723036
95,1499993723379,94311892-eecf-4de6-b127-2639da1764a7,24,24,1499993725314
96,1499993731362,94311892-eecf-4de6-b127-2639da1764a7,24,24,1499993746860
97,1499993880131,94311892-eecf-4de6-b127-2639da1764a7,25,25,1499993880192
98,1499993888040,94311892-eecf-4de6-b127-2639da1764a7,25,25,1499993891924
99,1499993892189,94311892-eecf-4de6-b127-2639da1764a7,25,25,1499993892209
100,1499993892773,94311892-eecf-4de6-b127-2639da1764a7,25,25,1499993893944
101,1499993894713,94311892-eecf-4de6-b127-2639da1764a7,25,25,1499993896683
102,1499993898323,94311892-eecf-4de6-b127-2639da1764a7,25,25,1499993900534
103,1499993901487,94311892-eecf-4de6-b127-2639da1764a7,25,25,1499993902486
104,1499993903301,94311892-eecf-4de6-b127-2639da1764a7,25,25,1499993904441
105,1499993906546,94311892-eecf-4de6-b127-2639da1764a7,25,25,1499993913111
106,1499993918237,94311892-eecf-4de6-b127-2639da1764a7,25,25,1499993929396
107,1499993939183,94311892-eecf-4de6-b127-2639da1764a7,25,25,1499993940261
108,1499993941157,94311892-eecf-4de6-b127-2639da1764a7,25,25,1499993941945
109,1499993942724,94311892-eecf-4de6-b127-2639da1764a7,25,25,1499993944735
110,1499993953833,94311892-eecf-4de6-b127-2639da1764a7,25,25,1499993954722
111,1499993958917,94311892-eecf-4de6-b127-2639da1764a7,25,25,1499993959944
112,1499993963002,94311892-eecf-4de6-b127-2639da1764a7,25,25,1499993965989
113,1499993967770,94311892-eecf-4de6-b127-2639da1764a7,25,25,1499993968880
114,1499993969779,94311892-eecf-4de6-b127-2639da1764a7,25,25,1499993970850
115,1499993986186,94311892-eecf-4de6-b127-2639da1764a7,25,25,1499993987862
116,1499993988743,94311892-eecf-4de6-b127-2639da1764a7,25,25,1499993989805
117,1499993991772,94311892-eecf-4de6-b127-2639da1764a7,25,25,1499993993742
118,1499993994566,94311892-eecf-4de6-b127-2639da1764a7,25,25,1499993995858
119,1499993996548,94311892-eecf-4de6-b127-2639da1764a7,25,25,1499993997647
120,1499994004746,94311892-eecf-4de6-b127-2639da1764a7,25,25,1499994004810
121,1499994005270,94311892-eecf-4de6-b127-2639da1764a7,25,25,1499994007156
122,1499994013909,94311892-eecf-4de6-b127-2639da1764a7,25,25,1499994024344
123,1499994024919,94311892-eecf-4de6-b127-2639da1764a7,25,25,1499994026063
124,1499994026925,94311892-eecf-4de6-b127-2639da1764a7,25,25,1499994028061
125,1499994028858,94311892-eecf-4de6-b127-2639da1764a7,25,25,1499994029961
126,1499994034270,94311892-eecf-4de6-b127-2639da1764a7,25,25,1499994037387
127,1499994041678,94311892-eecf-4de6-b127-2639da1764a7,25,25,1499994063569
128,1499994064430,94311892-eecf-4de6-b127-2639da1764a7,25,25,1499994066464
129,1499994067610,94311892-eecf-4de6-b127-2639da1764a7,25,25,1499994068516
130,1499994070336,94311892-eecf-4de6-b127-2639da1764a7,25,25,1499994072244
131,1499994073113,94311892-eecf-4de6-b127-2639da1764a7,25,25,1499994083097
132,1499994087341,94311892-eecf-4de6-b127-2639da1764a7,25,25,1499994101936
133,1499994102822,94311892-eecf-4de6-b127-2639da1764a7,25,25,1499994104812
134,1499994110745,94311892-eecf-4de6-b127-2639da1764a7,25,25,1499994111856
135,1499994119446,94311892-eecf-4de6-b127-2639da1764a7,25,25,1499994119889
136,1499994120672,94311892-eecf-4de6-b127-2639da1764a7,25,25,1499994121769
137,1499994123429,94311892-eecf-4de6-b127-2639da1764a7,25,25,1499994135437
138,1499994137294,94311892-eecf-4de6-b127-2639da1764a7,25,25,1499994138474
139,1499994146377,94311892-eecf-4de6-b127-2639da1764a7,25,25,1499994147545
140,1499994151567,94311892-eecf-4de6-b127-2639da1764a7,25,25,1499994152748
141,1499994153607,94311892-eecf-4de6-b127-2639da1764a7,25,25,1499994161804
142,1499994162612,94311892-eecf-4de6-b127-2639da1764a7,25,25,1499994163782
143,1499994165699,94311892-eecf-4de6-b127-2639da1764a7,25,25,1499994167673
144,1499994168590,94311892-eecf-4de6-b127-2639da1764a7,25,25,1499994169708
145,1499994170560,94311892-eecf-4de6-b127-2639da1764a7,25,25,1499994171647
146,1499994172481,94311892-eecf-4de6-b127-2639da1764a7,25,25,1499994173579
147,1499994174481,94311892-eecf-4de6-b127-2639da1764a7,25,25,1499994176463
148,1499994178127,94311892-eecf-4de6-b127-2639da1764a7,25,25,1499994181450
149,1499994182280,94311892-eecf-4de6-b127-2639da1764a7,25,25,1499994184265
150,1499994185101,94311892-eecf-4de6-b127-2639da1764a7,25,25,1499994186153
151,1499994187040,94311892-eecf-4de6-b127-2639da1764a7,25,25,1499994188194
152,1499994189020,94311892-eecf-4de6-b127-2639da1764a7,25,25,1499994190128
153,1499994190958,94311892-eecf-4de6-b127-2639da1764a7,25,25,1499994192115
154,1499994192934,94311892-eecf-4de6-b127-2639da1764a7,25,25,1499994194057
155,1499994194929,94311892-eecf-4de6-b127-2639da1764a7,25,25,1499994196903
156,1499994198765,94311892-eecf-4de6-b127-2639da1764a7,25,25,1499994199914
157,1499994200813,94311892-eecf-4de6-b127-2639da1764a7,25,25,1499994201936
158,1499994202761,94311892-eecf-4de6-b127-2639da1764a7,25,25,1499994203851
159,1499994204717,94311892-eecf-4de6-b127-2639da1764a7,25,25,1499994205823
160,1499994206637,94311892-eecf-4de6-b127-2639da1764a7,25,25,1499994207781
161,1499994208712,94311892-eecf-4de6-b127-2639da1764a7,25,25,1499994209756
162,1499994210537,94311892-eecf-4de6-b127-2639da1764a7,25,25,1499994211694
163,1499994221064,94311892-eecf-4de6-b127-2639da1764a7,25,25,1499994221347
164,1499994222176,94311892-eecf-4de6-b127-2639da1764a7,25,25,1499994230010
165,1499994230839,94311892-eecf-4de6-b127-2639da1764a7,25,25,1499994233027
166,1499994233873,94311892-eecf-4de6-b127-2639da1764a7,25,25,1499994235037
167,1499994235863,94311892-eecf-4de6-b127-2639da1764a7,25,25,1499994236924
168,1499994246394,94311892-eecf-4de6-b127-2639da1764a7,25,25,1499994246648
169,1499994259295,94311892-eecf-4de6-b127-2639da1764a7,25,25,1499994259514
170,1499994261171,94311892-eecf-4de6-b127-2639da1764a7,25,25,1499994262282
171,1499994267467,94311892-eecf-4de6-b127-2639da1764a7,25,26,1499994272914
172,1499994274550,94311892-eecf-4de6-b127-2639da1764a7,26,26,1499994274853
173,1499994277527,94311892-eecf-4de6-b127-2639da1764a7,26,26,1499994278633
174,1499994279524,94311892-eecf-4de6-b127-2639da1764a7,26,26,1499994280699
175,1499994284109,94311892-eecf-4de6-b127-2639da1764a7,26,26,1499994293018
176,1499994293869,94311892-eecf-4de6-b127-2639da1764a7,26,26,1499994295055
177,1499994295890,94311892-eecf-4de6-b127-2639da1764a7,26,26,1499994297027
178,1499994297856,94311892-eecf-4de6-b127-2639da1764a7,26,26,1499994298931
179,1499994299773,94311892-eecf-4de6-b127-2639da1764a7,26,26,1499994301739
180,1499994302587,94311892-eecf-4de6-b127-2639da1764a7,26,26,1499994303721
181,1499994306275,94311892-eecf-4de6-b127-2639da1764a7,26,26,1499994308511
182,1499994312844,94311892-eecf-4de6-b127-2639da1764a7,26,26,1499994317844
183,1499994320847,94311892-eecf-4de6-b127-2639da1764a7,26,26,1499994321965
184,1499994327076,94311892-eecf-4de6-b127-2639da1764a7,26,26,1499994328251
185,1499994354769,94311892-eecf-4de6-b127-2639da1764a7,26,26,1499994355923
186,1499994356775,94311892-eecf-4de6-b127-2639da1764a7,26,26,1499994357892
187,1499994358764,94311892-eecf-4de6-b127-2639da1764a7,26,26,1499994359895
188,1499994360804,94311892-eecf-4de6-b127-2639da1764a7,26,26,1499994361818
189,1499994364384,94311892-eecf-4de6-b127-2639da1764a7,26,26,1499994366649
190,1499994367499,94311892-eecf-4de6-b127-2639da1764a7,26,26,1499994368635
191,1499994369445,94311892-eecf-4de6-b127-2639da1764a7,26,26,1499994370539
192,1499994377433,94311892-eecf-4de6-b127-2639da1764a7,26,26,1499994379663
193,1499994384855,94311892-eecf-4de6-b127-2639da1764a7,26,26,1499994418653
194,1499994420388,94311892-eecf-4de6-b127-2639da1764a7,26,26,1499994420925
195,1499994426327,94311892-eecf-4de6-b127-2639da1764a7,26,26,1499994427514
196,1499994436344,94311892-eecf-4de6-b127-2639da1764a7,26,26,1499994437475
197,1499994438367,94311892-eecf-4de6-b127-2639da1764a7,26,26,1499994439431
198,1499994440317,94311892-eecf-4de6-b127-2639da1764a7,26,26,1499994441408
199,1499994442270,94311892-eecf-4de6-b127-2639da1764a7,26,26,1499994443372
200,1499994444236,94311892-eecf-4de6-b127-2639da1764a7,26,26,1499994445373
201,1499994495994,94311892-eecf-4de6-b127-2639da1764a7,26,27,1499994497169
202,1499994508906,94311892-eecf-4de6-b127-2639da1764a7,27,27,1499994510006
203,1499994510907,94311892-eecf-4de6-b127-2639da1764a7,27,27,1499994531320
204,1499994532197,94311892-eecf-4de6-b127-2639da1764a7,27,27,1499994533211
205,1499994535773,94311892-eecf-4de6-b127-2639da1764a7,27,27,1499994538000
206,1499994538870,94311892-eecf-4de6-b127-2639da1764a7,27,27,1499994539937
207,1499994540792,94311892-eecf-4de6-b127-2639da1764a7,27,27,1499994541921
208,1499994547543,94311892-eecf-4de6-b127-2639da1764a7,27,27,1499994549255
209,1499994550073,94311892-eecf-4de6-b127-2639da1764a7,27,27,1499994551201
210,1499994555471,94311892-eecf-4de6-b127-2639da1764a7,27,27,1499994557742
211,1499994558611,94311892-eecf-4de6-b127-2639da1764a7,27,27,1499994560784
212,1499994563333,94311892-eecf-4de6-b127-2639da1764a7,27,27,1499994563628
213,1499994564388,94311892-eecf-4de6-b127-2639da1764a7,27,27,1499994565538
214,1499994566367,94311892-eecf-4de6-b127-2639da1764a7,27,27,1499994567465
215,1499994568340,94311892-eecf-4de6-b127-2639da1764a7,27,27,1499994569435
216,1499994571311,94311892-eecf-4de6-b127-2639da1764a7,27,27,1499994572520
217,1499994573352,94311892-eecf-4de6-b127-2639da1764a7,27,27,1499994574469
218,1499994575296,94311892-eecf-4de6-b127-2639da1764a7,27,27,1499994576396
219,1499994577304,94311892-eecf-4de6-b127-2639da1764a7,27,27,1499994578381
220,1499994581778,94311892-eecf-4de6-b127-2639da1764a7,27,27,1499994584817
221,1499994585635,94311892-eecf-4de6-b127-2639da1764a7,27,27,1499994586752
222,1499994592724,94311892-eecf-4de6-b127-2639da1764a7,27,27,1499994594957
223,1499994597574,94311892-eecf-4de6-b127-2639da1764a7,27,27,1499994600883
224,1499994601767,94311892-eecf-4de6-b127-2639da1764a7,27,27,1499994602828
225,1499994603663,94311892-eecf-4de6-b127-2639da1764a7,27,27,1499994605673
226,1499994606481,94311892-eecf-4de6-b127-2639da1764a7,27,27,1499994607610
227,1499994608439,94311892-eecf-4de6-b127-2639da1764a7,27,27,1499994616261
228,1499994617097,94311892-eecf-4de6-b127-2639da1764a7,27,27,1499994619285
229,1499994628741,94311892-eecf-4de6-b127-2639da1764a7,27,27,1499994647656
230,1499994648453,94311892-eecf-4de6-b127-2639da1764a7,27,27,1499994649641
231,1499994650397,94311892-eecf-4de6-b127-2639da1764a7,27,27,1499994651539
232,1499994652425,94311892-eecf-4de6-b127-2639da1764a7,27,27,1499994653546
233,1499994658608,94311892-eecf-4de6-b127-2639da1764a7,27,27,1499994660756
234,1499994661651,94311892-eecf-4de6-b127-2639da1764a7,27,27,1499994662750
235,1499994666838,94311892-eecf-4de6-b127-2639da1764a7,27,27,1499994668023
236,1499994669912,94311892-eecf-4de6-b127-2639da1764a7,27,27,1499994671063
237,1499994671971,94311892-eecf-4de6-b127-2639da1764a7,27,27,1499994672996
238,1499994673885,94311892-eecf-4de6-b127-2639da1764a7,27,27,1499994674949
239,1499994675776,94311892-eecf-4de6-b127-2639da1764a7,27,27,1499994676921
240,1499994678620,94311892-eecf-4de6-b127-2639da1764a7,27,27,1499994680839
241,1499994681724,94311892-eecf-4de6-b127-2639da1764a7,27,27,1499994683679
242,1499994684496,94311892-eecf-4de6-b127-2639da1764a7,27,27,1499994685636
243,1499994686436,94311892-eecf-4de6-b127-2639da1764a7,27,27,1499994687608
244,1499994688426,94311892-eecf-4de6-b127-2639da1764a7,27,27,1499994696218
245,1499994697089,94311892-eecf-4de6-b127-2639da1764a7,27,27,1499994698169
246,1499994703328,94311892-eecf-4de6-b127-2639da1764a7,27,27,1499994705516
247,1499994706399,94311892-eecf-4de6-b127-2639da1764a7,27,27,1499994707530
248,1499994708420,94311892-eecf-4de6-b127-2639da1764a7,27,27,1499994709526
249,1499994720941,94311892-eecf-4de6-b127-2639da1764a7,27,27,1499994721282
250,1499994722217,94311892-eecf-4de6-b127-2639da1764a7,27,27,1499994723899
251,1499994724692,94311892-eecf-4de6-b127-2639da1764a7,27,27,1499994725829
252,1499994726672,94311892-eecf-4de6-b127-2639da1764a7,27,27,1499994727757
253,1499994728604,94311892-eecf-4de6-b127-2639da1764a7,27,27,1499994798817
254,1499994801328,94311892-eecf-4de6-b127-2639da1764a7,27,27,1499994801669
255,1499994804982,94311892-eecf-4de6-b127-2639da1764a7,27,27,1499994808304
256,1499994809106,94311892-eecf-4de6-b127-2639da1764a7,27,27,1499994810262
257,1499994825742,94311892-eecf-4de6-b127-2639da1764a7,27,27,1499994827955
258,1499994828813,94311892-eecf-4de6-b127-2639da1764a7,27,27,1499994830816
259,1499994831660,94311892-eecf-4de6-b127-2639da1764a7,27,27,1499994833091
260,1499994833980,94311892-eecf-4de6-b127-2639da1764a7,27,27,1499994834696
261,1499994839850,94311892-eecf-4de6-b127-2639da1764a7,27,27,1499994842151
262,1499994846861,94311892-eecf-4de6-b127-2639da1764a7,27,27,1499994847854
263,1499994857507,94311892-eecf-4de6-b127-2639da1764a7,27,27,1499994858650
264,1499994868932,94311892-eecf-4de6-b127-2639da1764a7,27,28,1499995244610
265,1499995258140,94311892-eecf-4de6-b127-2639da1764a7,28,28,1499995259185
266,1499995260018,94311892-eecf-4de6-b127-2639da1764a7,28,28,1499995261175
267,1499995262035,94311892-eecf-4de6-b127-2639da1764a7,28,28,1499995263344
268,1499995264011,94311892-eecf-4de6-b127-2639da1764a7,28,28,1499995265163
269,1499995266047,94311892-eecf-4de6-b127-2639da1764a7,28,28,1499995267083
270,1499995267930,94311892-eecf-4de6-b127-2639da1764a7,28,28,1499995269102
271,1499995269931,94311892-eecf-4de6-b127-2639da1764a7,28,28,1499995271096
272,1499995271929,94311892-eecf-4de6-b127-2639da1764a7,28,28,1499995272981
273,1499995280756,94311892-eecf-4de6-b127-2639da1764a7,28,28,1499995288207
274,1499995291506,94311892-eecf-4de6-b127-2639da1764a7,28,28,1499995291797
275,1499995299054,94311892-eecf-4de6-b127-2639da1764a7,28,28,1499995300266
276,1499995301088,94311892-eecf-4de6-b127-2639da1764a7,28,28,1499995302230
277,1499995303042,94311892-eecf-4de6-b127-2639da1764a7,28,28,1499995304178
278,1499995305109,94311892-eecf-4de6-b127-2639da1764a7,28,28,1499995306152
279,1499995306977,94311892-eecf-4de6-b127-2639da1764a7,28,28,1499995308119
280,1499995309801,94311892-eecf-4de6-b127-2639da1764a7,28,28,1499995313143
281,1499995314069,94311892-eecf-4de6-b127-2639da1764a7,28,28,1499995315182
282,1499995321079,94311892-eecf-4de6-b127-2639da1764a7,28,28,1499995322306
283,1499995324171,94311892-eecf-4de6-b127-2639da1764a7,28,28,1499995325329
284,1499995326145,94311892-eecf-4de6-b127-2639da1764a7,28,28,1499995327318
285,1499995328088,94311892-eecf-4de6-b127-2639da1764a7,28,28,1499995330104
286,1499995330918,94311892-eecf-4de6-b127-2639da1764a7,28,28,1499995332167
287,1499995332889,94311892-eecf-4de6-b127-2639da1764a7,28,28,1499995334028
288,1499995360629,94311892-eecf-4de6-b127-2639da1764a7,28,28,1499995360965
289,1499995361704,94311892-eecf-4de6-b127-2639da1764a7,28,28,1499995362801
290,1499995374985,94311892-eecf-4de6-b127-2639da1764a7,28,28,1499995377249
291,1499995378057,94311892-eecf-4de6-b127-2639da1764a7,28,28,1499995379114
292,1499995380851,94311892-eecf-4de6-b127-2639da1764a7,28,28,1499995384223
293,1499995385075,94311892-eecf-4de6-b127-2639da1764a7,28,28,1499995386092
294,1499995386946,94311892-eecf-4de6-b127-2639da1764a7,28,28,1499995388117
295,1499995388937,94311892-eecf-4de6-b127-2639da1764a7,28,28,1499995390040
296,1499995390909,94311892-eecf-4de6-b127-2639da1764a7,28,28,1499995392870
297,1499995393713,94311892-eecf-4de6-b127-2639da1764a7,28,28,1499995394869
298,1499995395719,94311892-eecf-4de6-b127-2639da1764a7,28,28,1499995396859
299,1499995397672,94311892-eecf-4de6-b127-2639da1764a7,28,28,1499995399370
300,1499995399827,94311892-eecf-4de6-b127-2639da1764a7,28,28,1499995400783
301,1499995403492,94311892-eecf-4de6-b127-2639da1764a7,28,28,1499995409801
302,1499995416113,94311892-eecf-4de6-b127-2639da1764a7,28,28,1499995416367
303,1499995432587,94311892-eecf-4de6-b127-2639da1764a7,28,28,1499995433726
304,1499995434545,94311892-eecf-4de6-b127-2639da1764a7,28,28,1499995435719
305,1499995444000,94311892-eecf-4de6-b127-2639da1764a7,28,28,1499995444326
306,1499995446124,94311892-eecf-4de6-b127-2639da1764a7,28,28,1499995447287
307,1499995448108,94311892-eecf-4de6-b127-2639da1764a7,28,28,1499995449229
308,1499995924360,94311892-eecf-4de6-b127-2639da1764a7,33,33,1499995925510
309,1499995926375,94311892-eecf-4de6-b127-2639da1764a7,33,33,1499995927506
310,1499995929155,94311892-eecf-4de6-b127-2639da1764a7,33,32,1499997168532
46,1499995986566,0c735596-1a1c-4a35-bb02-55d90c4f86ac,89,75,1499997072853
40,1499998967211,08da45e3-bc56-4425-bad2-55d191676b79,58,49,1499999753373
880,1500001242976,259cc994-877a-4e94-bb4a-06b44c30be47,72,70,1500001565101
311,1500002438565,94311892-eecf-4de6-b127-2639da1764a7,84,7,1500054495252
47,1500002657837,0c735596-1a1c-4a35-bb02-55d90c4f86ac,100,78,1500006851609
881,1500004037975,259cc994-877a-4e94-bb4a-06b44c30be47,100,78,1500015952902
882,1500017072459,259cc994-877a-4e94-bb4a-06b44c30be47,96,28,1500034165555
48,1500020703968,0c735596-1a1c-4a35-bb02-55d90c4f86ac,100,82,1500022176460
1151,1500023755835,d58c3cb9-2543-4258-8695-ac3e310ba3ac,100,92,1500026309338
568,1500023964305,815717e9-cd15-4d4e-b35c-a0206bc0aa24,100,100,1500023964393
569,1500023965628,815717e9-cd15-4d4e-b35c-a0206bc0aa24,100,99,1500027573674
49,1500026485589,0c735596-1a1c-4a35-bb02-55d90c4f86ac,100,67,1500038155595
570,1500027573915,815717e9-cd15-4d4e-b35c-a0206bc0aa24,99,99,1500027573985
571,1500027574689,815717e9-cd15-4d4e-b35c-a0206bc0aa24,99,14,1500066910827
1152,1500028121463,d58c3cb9-2543-4258-8695-ac3e310ba3ac,100,21,1500111218913
50,1500038226142,0c735596-1a1c-4a35-bb02-55d90c4f86ac,67,61,1500038724489
883,1500039235332,259cc994-877a-4e94-bb4a-06b44c30be47,100,8,1500482145898
51,1500039736929,0c735596-1a1c-4a35-bb02-55d90c4f86ac,61,34,1500042767953
487,1500041416324,53f52117-1170-4972-af68-8ecbe2132e72,100,100,1500041416460
488,1500043445149,53f52117-1170-4972-af68-8ecbe2132e72,100,100,1500043445538
489,1500045202990,53f52117-1170-4972-af68-8ecbe2132e72,100,100,1500045204058
312,1500056641155,94311892-eecf-4de6-b127-2639da1764a7,28,28,1500056642206
313,1500060314900,94311892-eecf-4de6-b127-2639da1764a7,61,61,1500060315917
314,1500063137413,94311892-eecf-4de6-b127-2639da1764a7,87,87,1500063138551
315,1500063139426,94311892-eecf-4de6-b127-2639da1764a7,87,87,1500063172564
316,1500064522367,94311892-eecf-4de6-b127-2639da1764a7,95,95,1500064522805
317,1500064524680,94311892-eecf-4de6-b127-2639da1764a7,95,95,1500064545820
318,1500064546817,94311892-eecf-4de6-b127-2639da1764a7,95,95,1500064574674
319,1500064575660,94311892-eecf-4de6-b127-2639da1764a7,95,95,1500064578967
320,1500065170002,94311892-eecf-4de6-b127-2639da1764a7,100,100,1500065170166
321,1500065173750,94311892-eecf-4de6-b127-2639da1764a7,100,100,1500065176173
322,1500065289252,94311892-eecf-4de6-b127-2639da1764a7,100,100,1500065290114
323,1500065293763,94311892-eecf-4de6-b127-2639da1764a7,100,100,1500065345419
324,1500065356567,94311892-eecf-4de6-b127-2639da1764a7,100,100,1500065395911
325,1500065397782,94311892-eecf-4de6-b127-2639da1764a7,100,100,1500065432592
326,1500065433626,94311892-eecf-4de6-b127-2639da1764a7,100,100,1500065435842
327,1500065436674,94311892-eecf-4de6-b127-2639da1764a7,100,100,1500065437872
328,1500065438557,94311892-eecf-4de6-b127-2639da1764a7,100,100,1500065439462
329,1500065440472,94311892-eecf-4de6-b127-2639da1764a7,100,100,1500065441462
330,1500065447680,94311892-eecf-4de6-b127-2639da1764a7,100,100,1500065449770
331,1500065451594,94311892-eecf-4de6-b127-2639da1764a7,100,100,1500065453652
332,1500065454673,94311892-eecf-4de6-b127-2639da1764a7,100,100,1500065455644
333,1500065458321,94311892-eecf-4de6-b127-2639da1764a7,100,100,1500065469919
334,1500065889173,94311892-eecf-4de6-b127-2639da1764a7,100,100,1500065890090
335,1500065892819,94311892-eecf-4de6-b127-2639da1764a7,100,100,1500065905621
336,1500065906380,94311892-eecf-4de6-b127-2639da1764a7,100,100,1500065907640
337,1500065908855,94311892-eecf-4de6-b127-2639da1764a7,100,100,1500065909296
338,1500065910282,94311892-eecf-4de6-b127-2639da1764a7,100,100,1500065962446
339,1500065966062,94311892-eecf-4de6-b127-2639da1764a7,100,100,1500065973112
340,1500066050286,94311892-eecf-4de6-b127-2639da1764a7,100,100,1500066051554
341,1500066383511,94311892-eecf-4de6-b127-2639da1764a7,100,100,1500066384383
342,1500066501882,94311892-eecf-4de6-b127-2639da1764a7,100,100,1500066503171
343,1500066509025,94311892-eecf-4de6-b127-2639da1764a7,100,100,1500066572189
344,1500066573292,94311892-eecf-4de6-b127-2639da1764a7,100,100,1500066587822
345,1500066588496,94311892-eecf-4de6-b127-2639da1764a7,100,100,1500066598106
346,1500066600831,94311892-eecf-4de6-b127-2639da1764a7,100,100,1500066613360
347,1500066622971,94311892-eecf-4de6-b127-2639da1764a7,100,100,1500066623944
348,1500066626658,94311892-eecf-4de6-b127-2639da1764a7,100,100,1500066655992
349,1500066757381,94311892-eecf-4de6-b127-2639da1764a7,100,100,1500066758660
350,1500066760249,94311892-eecf-4de6-b127-2639da1764a7,100,100,1500066763955
351,1500066766113,94311892-eecf-4de6-b127-2639da1764a7,100,100,1500066770102
352,1500066775505,94311892-eecf-4de6-b127-2639da1764a7,100,100,1500066791276
353,1500066792869,94311892-eecf-4de6-b127-2639da1764a7,100,100,1500066796359
354,1500066803147,94311892-eecf-4de6-b127-2639da1764a7,100,100,1500066807011
355,1500066810706,94311892-eecf-4de6-b127-2639da1764a7,100,100,1500066824004
356,1500067706707,94311892-eecf-4de6-b127-2639da1764a7,100,100,1500067707641
357,1500067712110,94311892-eecf-4de6-b127-2639da1764a7,100,100,1500067726279
358,1500067727000,94311892-eecf-4de6-b127-2639da1764a7,100,100,1500067727894
359,1500067728923,94311892-eecf-4de6-b127-2639da1764a7,100,100,1500067730261
360,1500067730968,94311892-eecf-4de6-b127-2639da1764a7,100,100,1500067733092
361,1500067733277,94311892-eecf-4de6-b127-2639da1764a7,100,100,1500067734204
362,1500067974596,94311892-eecf-4de6-b127-2639da1764a7,100,100,1500067975490
363,1500067977445,94311892-eecf-4de6-b127-2639da1764a7,100,100,1500067992943
364,1500067993570,94311892-eecf-4de6-b127-2639da1764a7,100,100,1500067994422
365,1500067996094,94311892-eecf-4de6-b127-2639da1764a7,100,100,1500067997534
366,1500069010461,94311892-eecf-4de6-b127-2639da1764a7,100,100,1500069011672
367,1500069015815,94311892-eecf-4de6-b127-2639da1764a7,100,100,1500069054151
368,1500069054934,94311892-eecf-4de6-b127-2639da1764a7,100,100,1500069056071
369,1500069056768,94311892-eecf-4de6-b127-2639da1764a7,100,100,1500069058157
370,1500069068204,94311892-eecf-4de6-b127-2639da1764a7,100,100,1500069069151
371,1500069070173,94311892-eecf-4de6-b127-2639da1764a7,100,100,1500069071407
372,1500069084386,94311892-eecf-4de6-b127-2639da1764a7,100,100,1500069111457
373,1500069128814,94311892-eecf-4de6-b127-2639da1764a7,100,100,1500069130108
374,1500069131700,94311892-eecf-4de6-b127-2639da1764a7,100,100,1500069134019
375,1500069142285,94311892-eecf-4de6-b127-2639da1764a7,100,100,1500069162063
376,1500069164478,94311892-eecf-4de6-b127-2639da1764a7,100,100,1500069166520
377,1500069167586,94311892-eecf-4de6-b127-2639da1764a7,100,100,1500069168482
378,1500069401219,94311892-eecf-4de6-b127-2639da1764a7,100,100,1500069402023
379,1500069405643,94311892-eecf-4de6-b127-2639da1764a7,100,100,1500069414249
380,1500069416177,94311892-eecf-4de6-b127-2639da1764a7,100,100,1500069423977
381,1500069424655,94311892-eecf-4de6-b127-2639da1764a7,100,100,1500069425901
382,1500069447452,94311892-eecf-4de6-b127-2639da1764a7,100,100,1500069449821
383,1500069451381,94311892-eecf-4de6-b127-2639da1764a7,100,100,1500069507425
384,1500069508549,94311892-eecf-4de6-b127-2639da1764a7,100,100,1500069509481
385,1500069510388,94311892-eecf-4de6-b127-2639da1764a7,100,100,1500069512461
386,1500069514315,94311892-eecf-4de6-b127-2639da1764a7,100,100,1500069530617
387,1500069531325,94311892-eecf-4de6-b127-2639da1764a7,100,100,1500069532216
388,1500069535748,94311892-eecf-4de6-b127-2639da1764a7,100,100,1500069542966
389,1500069543763,94311892-eecf-4de6-b127-2639da1764a7,100,100,1500069544679
572,1500071036181,815717e9-cd15-4d4e-b35c-a0206bc0aa24,59,37,1500090693567
390,1500071051633,94311892-eecf-4de6-b127-2639da1764a7,100,100,1500071052579
391,1500071054510,94311892-eecf-4de6-b127-2639da1764a7,100,100,1500071054567
392,1500071055658,94311892-eecf-4de6-b127-2639da1764a7,100,100,1500071057371
393,1500071058412,94311892-eecf-4de6-b127-2639da1764a7,100,100,1500071089688
394,1500071262102,94311892-eecf-4de6-b127-2639da1764a7,100,100,1500071263084
395,1500071264104,94311892-eecf-4de6-b127-2639da1764a7,100,100,1500071299076
396,1500071299875,94311892-eecf-4de6-b127-2639da1764a7,100,100,1500071300790
397,1500071302439,94311892-eecf-4de6-b127-2639da1764a7,100,100,1500071304714
398,1500071306474,94311892-eecf-4de6-b127-2639da1764a7,100,100,1500071309647
399,1500071310695,94311892-eecf-4de6-b127-2639da1764a7,100,100,1500071313118
400,1500071316335,94311892-eecf-4de6-b127-2639da1764a7,100,100,1500071318761
401,1500071475097,94311892-eecf-4de6-b127-2639da1764a7,100,100,1500071476397
402,1500071477900,94311892-eecf-4de6-b127-2639da1764a7,100,100,1500071497925
403,1500071498607,94311892-eecf-4de6-b127-2639da1764a7,100,100,1500071499548
404,1500071500546,94311892-eecf-4de6-b127-2639da1764a7,100,100,1500071501848
405,1500072530894,94311892-eecf-4de6-b127-2639da1764a7,100,100,1500072532245
406,1500072532875,94311892-eecf-4de6-b127-2639da1764a7,100,100,1500072534139
407,1500072534816,94311892-eecf-4de6-b127-2639da1764a7,100,100,1500072537961
408,1500072661142,94311892-eecf-4de6-b127-2639da1764a7,100,100,1500072662389
409,1500072663177,94311892-eecf-4de6-b127-2639da1764a7,100,100,1500072664400
410,1500073372432,94311892-eecf-4de6-b127-2639da1764a7,100,100,1500073374226
411,1500073376049,94311892-eecf-4de6-b127-2639da1764a7,100,100,1500073378432
412,1500073379170,94311892-eecf-4de6-b127-2639da1764a7,100,100,1500073380910
413,1500074497886,94311892-eecf-4de6-b127-2639da1764a7,100,100,1500074499214
414,1500074499848,94311892-eecf-4de6-b127-2639da1764a7,100,100,1500074502184
415,1500074502875,94311892-eecf-4de6-b127-2639da1764a7,100,100,1500074504149
416,1500074505474,94311892-eecf-4de6-b127-2639da1764a7,100,100,1500074506135
417,1500074506857,94311892-eecf-4de6-b127-2639da1764a7,100,100,1500074508028
418,1500074508786,94311892-eecf-4de6-b127-2639da1764a7,100,100,1500074509688
419,1500074510720,94311892-eecf-4de6-b127-2639da1764a7,100,100,1500074511649
420,1500074512664,94311892-eecf-4de6-b127-2639da1764a7,100,100,1500074513647
421,1500074514681,94311892-eecf-4de6-b127-2639da1764a7,100,100,1500074515659
422,1500074516628,94311892-eecf-4de6-b127-2639da1764a7,100,100,1500074517586
423,1500074519323,94311892-eecf-4de6-b127-2639da1764a7,100,100,1500074520380
424,1500074521421,94311892-eecf-4de6-b127-2639da1764a7,100,100,1500074523534
425,1500074524170,94311892-eecf-4de6-b127-2639da1764a7,100,100,1500074525217
426,1500074526129,94311892-eecf-4de6-b127-2639da1764a7,100,100,1500074527118
427,1500074528186,94311892-eecf-4de6-b127-2639da1764a7,100,100,1500074529104
428,1500074530107,94311892-eecf-4de6-b127-2639da1764a7,100,100,1500074532217
429,1500074533835,94311892-eecf-4de6-b127-2639da1764a7,100,100,1500074535746
430,1500074537378,94311892-eecf-4de6-b127-2639da1764a7,100,100,1500074537686
431,1500074539582,94311892-eecf-4de6-b127-2639da1764a7,100,100,1500074546563
432,1500074748501,94311892-eecf-4de6-b127-2639da1764a7,100,100,1500074749438
52,1500078399422,0c735596-1a1c-4a35-bb02-55d90c4f86ac,100,52,1500097784205
53,1500110438796,0c735596-1a1c-4a35-bb02-55d90c4f86ac,100,54,1500117432363
573,1500112902321,815717e9-cd15-4d4e-b35c-a0206bc0aa24,100,100,1500112903052
574,1500112905020,815717e9-cd15-4d4e-b35c-a0206bc0aa24,100,100,1500112905068
575,1500112905524,815717e9-cd15-4d4e-b35c-a0206bc0aa24,100,100,1500112905648
576,1500112905852,815717e9-cd15-4d4e-b35c-a0206bc0aa24,100,100,1500112906123
577,1500114160413,815717e9-cd15-4d4e-b35c-a0206bc0aa24,100,100,1500114161288
578,1500114161945,815717e9-cd15-4d4e-b35c-a0206bc0aa24,100,100,1500114162337
1153,1500115571042,d58c3cb9-2543-4258-8695-ac3e310ba3ac,99,7,1500204200888
579,1500116672681,815717e9-cd15-4d4e-b35c-a0206bc0aa24,100,100,1500116672853
580,1500116673145,815717e9-cd15-4d4e-b35c-a0206bc0aa24,100,100,1500116673289
581,1500116682141,815717e9-cd15-4d4e-b35c-a0206bc0aa24,100,100,1500116684732
582,1500116685093,815717e9-cd15-4d4e-b35c-a0206bc0aa24,100,100,1500116685115
583,1500118217997,815717e9-cd15-4d4e-b35c-a0206bc0aa24,100,100,1500118218306
584,1500118218425,815717e9-cd15-4d4e-b35c-a0206bc0aa24,100,23,1500181032715
54,1500119967854,0c735596-1a1c-4a35-bb02-55d90c4f86ac,72,54,1500130191057
55,1500168318255,0c735596-1a1c-4a35-bb02-55d90c4f86ac,100,58,1500194262561
433,1500172338348,94311892-eecf-4de6-b127-2639da1764a7,29,29,1500172340274
434,1500172688847,94311892-eecf-4de6-b127-2639da1764a7,32,32,1500172689756
435,1500172690488,94311892-eecf-4de6-b127-2639da1764a7,32,32,1500172691744
436,1500172906442,94311892-eecf-4de6-b127-2639da1764a7,33,33,1500172907516
437,1500172909042,94311892-eecf-4de6-b127-2639da1764a7,33,33,1500172909526
438,1500175272151,94311892-eecf-4de6-b127-2639da1764a7,53,53,1500175273354
439,1500175843884,94311892-eecf-4de6-b127-2639da1764a7,57,57,1500175845155
440,1500175850262,94311892-eecf-4de6-b127-2639da1764a7,57,58,1500175987653
441,1500177355647,94311892-eecf-4de6-b127-2639da1764a7,69,69,1500177356940
442,1500177386667,94311892-eecf-4de6-b127-2639da1764a7,69,70,1500177387994
443,1500177389361,94311892-eecf-4de6-b127-2639da1764a7,70,70,1500177389941
444,1500177390633,94311892-eecf-4de6-b127-2639da1764a7,70,70,1500177391818
445,1500177394351,94311892-eecf-4de6-b127-2639da1764a7,70,27,1500213105480
585,1500181153496,815717e9-cd15-4d4e-b35c-a0206bc0aa24,24,17,1500206993539
56,1500200777894,0c735596-1a1c-4a35-bb02-55d90c4f86ac,82,82,1500200781385
57,1500201088708,0c735596-1a1c-4a35-bb02-55d90c4f86ac,83,77,1500201445862
58,1500202643333,0c735596-1a1c-4a35-bb02-55d90c4f86ac,81,24,1500208556849
586,1500206999680,815717e9-cd15-4d4e-b35c-a0206bc0aa24,17,17,1500207026065
587,1500207062371,815717e9-cd15-4d4e-b35c-a0206bc0aa24,17,17,1500207108243
588,1500207108407,815717e9-cd15-4d4e-b35c-a0206bc0aa24,17,17,1500207109404
589,1500207143233,815717e9-cd15-4d4e-b35c-a0206bc0aa24,18,18,1500207143944
1154,1500207841969,d58c3cb9-2543-4258-8695-ac3e310ba3ac,84,76,1500209357603
590,1500208517223,815717e9-cd15-4d4e-b35c-a0206bc0aa24,33,33,1500208518438
591,1500208519008,815717e9-cd15-4d4e-b35c-a0206bc0aa24,33,33,1500208519096
592,1500208758462,815717e9-cd15-4d4e-b35c-a0206bc0aa24,34,34,1500208766192
593,1500208768618,815717e9-cd15-4d4e-b35c-a0206bc0aa24,34,34,1500208768810
1155,1500209399572,d58c3cb9-2543-4258-8695-ac3e310ba3ac,77,77,1500209407671
594,1500209851023,815717e9-cd15-4d4e-b35c-a0206bc0aa24,46,41,1500215136632
59,1500210221927,0c735596-1a1c-4a35-bb02-55d90c4f86ac,36,36,1500210266512
1156,1500213138715,d58c3cb9-2543-4258-8695-ac3e310ba3ac,100,3,1500247399750
446,1500213973614,94311892-eecf-4de6-b127-2639da1764a7,35,35,1500213975551
447,1500213978134,94311892-eecf-4de6-b127-2639da1764a7,35,35,1500213990744
448,1500213993821,94311892-eecf-4de6-b127-2639da1764a7,35,35,1500213994215
449,1500213994950,94311892-eecf-4de6-b127-2639da1764a7,35,35,1500214006982
450,1500214007708,94311892-eecf-4de6-b127-2639da1764a7,35,35,1500214026892
451,1500214028445,94311892-eecf-4de6-b127-2639da1764a7,35,35,1500214057180
452,1500215178439,94311892-eecf-4de6-b127-2639da1764a7,45,45,1500215178775
453,1500215182233,94311892-eecf-4de6-b127-2639da1764a7,45,45,1500215183530
454,1500215184215,94311892-eecf-4de6-b127-2639da1764a7,45,45,1500215185899
455,1500215186566,94311892-eecf-4de6-b127-2639da1764a7,45,45,1500215186948
456,1500215187646,94311892-eecf-4de6-b127-2639da1764a7,45,45,1500215188081
457,1500215188735,94311892-eecf-4de6-b127-2639da1764a7,45,45,1500215189130
458,1500215190794,94311892-eecf-4de6-b127-2639da1764a7,45,45,1500215191698
595,1500217126650,815717e9-cd15-4d4e-b35c-a0206bc0aa24,63,7,1500257186471
459,1500241508504,94311892-eecf-4de6-b127-2639da1764a7,100,43,1500972559251
60,1500242413701,0c735596-1a1c-4a35-bb02-55d90c4f86ac,100,87,1500244054097
61,1500245183637,0c735596-1a1c-4a35-bb02-55d90c4f86ac,100,64,1500252986755
1157,1500247957654,d58c3cb9-2543-4258-8695-ac3e310ba3ac,19,6,1500249233016
1158,1500251749044,d58c3cb9-2543-4258-8695-ac3e310ba3ac,42,11,1500256003315
62,1500253892753,0c735596-1a1c-4a35-bb02-55d90c4f86ac,77,78,1500254617582
63,1500258187080,0c735596-1a1c-4a35-bb02-55d90c4f86ac,100,97,1500258477767
596,1500258785721,815717e9-cd15-4d4e-b35c-a0206bc0aa24,25,25,1500258786001
597,1500258786275,815717e9-cd15-4d4e-b35c-a0206bc0aa24,25,25,1500258786519
598,1500258786625,815717e9-cd15-4d4e-b35c-a0206bc0aa24,25,25,1500258786958
599,1500258787616,815717e9-cd15-4d4e-b35c-a0206bc0aa24,25,25,1500258788063
600,1500259524070,815717e9-cd15-4d4e-b35c-a0206bc0aa24,28,28,1500259524280
601,1500259525450,815717e9-cd15-4d4e-b35c-a0206bc0aa24,28,28,1500259526403
602,1500260071645,815717e9-cd15-4d4e-b35c-a0206bc0aa24,31,31,1500260075896
603,1500260210757,815717e9-cd15-4d4e-b35c-a0206bc0aa24,32,32,1500260211576
604,1500260227400,815717e9-cd15-4d4e-b35c-a0206bc0aa24,32,32,1500260230083
605,1500260312827,815717e9-cd15-4d4e-b35c-a0206bc0aa24,33,33,1500260323352
606,1500260341698,815717e9-cd15-4d4e-b35c-a0206bc0aa24,33,25,1500280812753
64,1500260747276,0c735596-1a1c-4a35-bb02-55d90c4f86ac,100,87,1500261717828
65,1500262382838,0c735596-1a1c-4a35-bb02-55d90c4f86ac,92,72,1500265954022
66,1500266824068,0c735596-1a1c-4a35-bb02-55d90c4f86ac,81,70,1500267954264
67,1500278393759,0c735596-1a1c-4a35-bb02-55d90c4f86ac,100,84,1500279696913
607,1500282063716,815717e9-cd15-4d4e-b35c-a0206bc0aa24,38,38,1500282064760
608,1500283811265,815717e9-cd15-4d4e-b35c-a0206bc0aa24,58,58,1500283813071
609,1500283818171,815717e9-cd15-4d4e-b35c-a0206bc0aa24,58,58,1500284578724
610,1500284578860,815717e9-cd15-4d4e-b35c-a0206bc0aa24,58,58,1500284578894
68,1500285647049,0c735596-1a1c-4a35-bb02-55d90c4f86ac,100,61,1500299148922
611,1500286834191,815717e9-cd15-4d4e-b35c-a0206bc0aa24,81,12,1500326385454
1159,1500287270998,d58c3cb9-2543-4258-8695-ac3e310ba3ac,100,4,1500343911627
960,1500289940247,8229e049-dd7a-42d2-b037-3839b23be516,94,14,1500333025262
460,1500313458445,94311892-eecf-4de6-b127-2639da1764a7,12,12,1500313459732
461,1500313461325,94311892-eecf-4de6-b127-2639da1764a7,12,12,1500314613954
462,1500314615777,94311892-eecf-4de6-b127-2639da1764a7,12,12,1500314616965
463,1500314668529,94311892-eecf-4de6-b127-2639da1764a7,12,12,1500314669200
464,1500314670761,94311892-eecf-4de6-b127-2639da1764a7,12,12,1500314673094
465,1500314673844,94311892-eecf-4de6-b127-2639da1764a7,12,12,1500314676205
466,1500314676909,94311892-eecf-4de6-b127-2639da1764a7,12,12,1500314678144
467,1500314678920,94311892-eecf-4de6-b127-2639da1764a7,12,12,1500314680111
468,1500314680796,94311892-eecf-4de6-b127-2639da1764a7,12,12,1500314682050
469,1500314682792,94311892-eecf-4de6-b127-2639da1764a7,12,12,1500314684044
470,1500314685613,94311892-eecf-4de6-b127-2639da1764a7,12,12,1500314686756
471,1500314695536,94311892-eecf-4de6-b127-2639da1764a7,12,12,1500314714852
472,1500314715531,94311892-eecf-4de6-b127-2639da1764a7,12,12,1500314716762
473,1500314717453,94311892-eecf-4de6-b127-2639da1764a7,12,12,1500314718693
474,1500314719412,94311892-eecf-4de6-b127-2639da1764a7,12,12,1500314720593
475,1500314722044,94311892-eecf-4de6-b127-2639da1764a7,12,12,1500314723373
476,1500314724154,94311892-eecf-4de6-b127-2639da1764a7,12,12,1500314726238
477,1500314726951,94311892-eecf-4de6-b127-2639da1764a7,12,12,1500314728149
612,1500328414572,815717e9-cd15-4d4e-b35c-a0206bc0aa24,28,28,1500328420119
613,1500328420337,815717e9-cd15-4d4e-b35c-a0206bc0aa24,28,28,1500328422607
614,1500328749601,815717e9-cd15-4d4e-b35c-a0206bc0aa24,30,30,1500328751421
615,1500328799114,815717e9-cd15-4d4e-b35c-a0206bc0aa24,30,30,1500328799244
69,1500328818052,0c735596-1a1c-4a35-bb02-55d90c4f86ac,100,67,1500339258756
616,1500328839603,815717e9-cd15-4d4e-b35c-a0206bc0aa24,31,31,1500328839683
617,1500329014171,815717e9-cd15-4d4e-b35c-a0206bc0aa24,32,32,1500329014432
618,1500329316371,815717e9-cd15-4d4e-b35c-a0206bc0aa24,33,33,1500329368142
619,1500329368884,815717e9-cd15-4d4e-b35c-a0206bc0aa24,33,33,1500329374245
961,1500335309375,8229e049-dd7a-42d2-b037-3839b23be516,35,14,1500345214523
620,1500339747739,815717e9-cd15-4d4e-b35c-a0206bc0aa24,13,13,1500339752656
621,1500339757537,815717e9-cd15-4d4e-b35c-a0206bc0aa24,13,13,1500339757977
622,1500339762142,815717e9-cd15-4d4e-b35c-a0206bc0aa24,13,13,1500339765455
1160,1500344191397,d58c3cb9-2543-4258-8695-ac3e310ba3ac,14,4,1500345770480
70,1500345708986,0c735596-1a1c-4a35-bb02-55d90c4f86ac,100,90,1500346430575
623,1500346713849,815717e9-cd15-4d4e-b35c-a0206bc0aa24,85,85,1500346720296
624,1500346728630,815717e9-cd15-4d4e-b35c-a0206bc0aa24,85,85,1500346729160
625,1500346729334,815717e9-cd15-4d4e-b35c-a0206bc0aa24,85,85,1500346729944
626,1500346730435,815717e9-cd15-4d4e-b35c-a0206bc0aa24,85,85,1500346736902
627,1500346739523,815717e9-cd15-4d4e-b35c-a0206bc0aa24,85,85,1500346744319
71,1500348793389,0c735596-1a1c-4a35-bb02-55d90c4f86ac,100,79,1500352267731
1161,1500355648925,d58c3cb9-2543-4258-8695-ac3e310ba3ac,100,92,1500369345140
72,1500359320554,0c735596-1a1c-4a35-bb02-55d90c4f86ac,100,83,1500360684689
73,1500367200272,0c735596-1a1c-4a35-bb02-55d90c4f86ac,100,80,1500368406099
628,1500369618044,815717e9-cd15-4d4e-b35c-a0206bc0aa24,100,100,1500369618236
629,1500369621615,815717e9-cd15-4d4e-b35c-a0206bc0aa24,100,100,1500369622268
630,1500369884331,815717e9-cd15-4d4e-b35c-a0206bc0aa24,100,100,1500370219704
74,1500372011209,0c735596-1a1c-4a35-bb02-55d90c4f86ac,100,44,1500385534085
962,1500372162064,8229e049-dd7a-42d2-b037-3839b23be516,100,20,1500426882635
1162,1500372483184,d58c3cb9-2543-4258-8695-ac3e310ba3ac,100,11,1500411799936
631,1500373798491,815717e9-cd15-4d4e-b35c-a0206bc0aa24,100,100,1500373800039
632,1500373800438,815717e9-cd15-4d4e-b35c-a0206bc0aa24,100,13,1500421059936
490,1500385396007,53f52117-1170-4972-af68-8ecbe2132e72,36,35,1500385796250
491,1500387173792,53f52117-1170-4972-af68-8ecbe2132e72,58,57,1500387638914
478,1500398693331,94311892-eecf-4de6-b127-2639da1764a7,1,0,1500398708020
75,1500415216266,0c735596-1a1c-4a35-bb02-55d90c4f86ac,100,90,1500417762615
1163,1500417290559,d58c3cb9-2543-4258-8695-ac3e310ba3ac,100,11,1500456793289
76,1500422021950,0c735596-1a1c-4a35-bb02-55d90c4f86ac,100,78,1500425230926
633,1500424106071,815717e9-cd15-4d4e-b35c-a0206bc0aa24,56,56,1500424106191
634,1500424106895,815717e9-cd15-4d4e-b35c-a0206bc0aa24,56,56,1500424110716
635,1500424115040,815717e9-cd15-4d4e-b35c-a0206bc0aa24,56,56,1500424115263
636,1500424122254,815717e9-cd15-4d4e-b35c-a0206bc0aa24,56,56,1500424123030
637,1500424124815,815717e9-cd15-4d4e-b35c-a0206bc0aa24,56,56,1500424125420
638,1500424146636,815717e9-cd15-4d4e-b35c-a0206bc0aa24,57,57,1500424148985
639,1500424172961,815717e9-cd15-4d4e-b35c-a0206bc0aa24,57,57,1500424202285
640,1500424539790,815717e9-cd15-4d4e-b35c-a0206bc0aa24,61,61,1500424540341
641,1500424853714,815717e9-cd15-4d4e-b35c-a0206bc0aa24,64,64,1500424856232
642,1500424857527,815717e9-cd15-4d4e-b35c-a0206bc0aa24,64,64,1500424881473
643,1500425034081,815717e9-cd15-4d4e-b35c-a0206bc0aa24,65,65,1500425034889
644,1500425034988,815717e9-cd15-4d4e-b35c-a0206bc0aa24,65,65,1500425051085
645,1500425505795,815717e9-cd15-4d4e-b35c-a0206bc0aa24,71,71,1500425506203
646,1500425506880,815717e9-cd15-4d4e-b35c-a0206bc0aa24,71,71,1500425507899
647,1500425513659,815717e9-cd15-4d4e-b35c-a0206bc0aa24,71,71,1500425523357
648,1500425524791,815717e9-cd15-4d4e-b35c-a0206bc0aa24,71,71,1500425631543
649,1500425633467,815717e9-cd15-4d4e-b35c-a0206bc0aa24,71,71,1500425636896
650,1500425660094,815717e9-cd15-4d4e-b35c-a0206bc0aa24,71,71,1500425827193
651,1500425834450,815717e9-cd15-4d4e-b35c-a0206bc0aa24,71,71,1500425840189
652,1500425840294,815717e9-cd15-4d4e-b35c-a0206bc0aa24,71,71,1500425869708
653,1500425877736,815717e9-cd15-4d4e-b35c-a0206bc0aa24,71,71,1500425879564
963,1500427230193,8229e049-dd7a-42d2-b037-3839b23be516,21,19,1500428256618
964,1500428805062,8229e049-dd7a-42d2-b037-3839b23be516,20,19,1500429022048
654,1500429358813,815717e9-cd15-4d4e-b35c-a0206bc0aa24,99,99,1500429359118
655,1500429362460,815717e9-cd15-4d4e-b35c-a0206bc0aa24,99,99,1500429363420
656,1500429363603,815717e9-cd15-4d4e-b35c-a0206bc0aa24,99,99,1500429363681
657,1500429608642,815717e9-cd15-4d4e-b35c-a0206bc0aa24,99,97,1500432458020
77,1500432049975,0c735596-1a1c-4a35-bb02-55d90c4f86ac,100,84,1500432979248
658,1500432472341,815717e9-cd15-4d4e-b35c-a0206bc0aa24,97,97,1500432473983
659,1500432534374,815717e9-cd15-4d4e-b35c-a0206bc0aa24,97,97,1500432663612
660,1500432663869,815717e9-cd15-4d4e-b35c-a0206bc0aa24,97,97,1500432663974
661,1500432664104,815717e9-cd15-4d4e-b35c-a0206bc0aa24,97,84,1500456771748
965,1500434367412,8229e049-dd7a-42d2-b037-3839b23be516,36,30,1500435420702
78,1500435120871,0c735596-1a1c-4a35-bb02-55d90c4f86ac,100,89,1500438858378
966,1500439486272,8229e049-dd7a-42d2-b037-3839b23be516,43,42,1500439569401
79,1500441195194,0c735596-1a1c-4a35-bb02-55d90c4f86ac,100,93,1500441848895
80,1500447605303,0c735596-1a1c-4a35-bb02-55d90c4f86ac,100,82,1500449096095
967,1500447629330,8229e049-dd7a-42d2-b037-3839b23be516,67,67,1500447665990
492,1500452368747,53f52117-1170-4972-af68-8ecbe2132e72,69,69,1500452370248
968,1500454449196,8229e049-dd7a-42d2-b037-3839b23be516,87,12,1500491177398
81,1500454696549,0c735596-1a1c-4a35-bb02-55d90c4f86ac,100,81,1500455780645
662,1500456781000,815717e9-cd15-4d4e-b35c-a0206bc0aa24,84,84,1500456788883
663,1500457997811,815717e9-cd15-4d4e-b35c-a0206bc0aa24,89,89,1500460188370
82,1500458564353,0c735596-1a1c-4a35-bb02-55d90c4f86ac,100,58,1500470181919
1164,1500459785459,d58c3cb9-2543-4258-8695-ac3e310ba3ac,85,7,1500485582392
664,1500460195679,815717e9-cd15-4d4e-b35c-a0206bc0aa24,89,89,1500460198282
665,1500461444891,815717e9-cd15-4d4e-b35c-a0206bc0aa24,93,93,1500461445060
666,1500464564993,815717e9-cd15-4d4e-b35c-a0206bc0aa24,100,15,1500503080605
884,1500482741773,259cc994-877a-4e94-bb4a-06b44c30be47,20,19,1500484460371
1165,1500486960923,d58c3cb9-2543-4258-8695-ac3e310ba3ac,42,5,1500506581226
901,1500489773120,08da45e3-bc56-4425-bad2-55d191676b79,94,61,1500492506806
969,1500492450333,8229e049-dd7a-42d2-b037-3839b23be516,14,14,1500492686144
970,1500493242433,8229e049-dd7a-42d2-b037-3839b23be516,16,16,1500493259875
902,1500494591538,08da45e3-bc56-4425-bad2-55d191676b79,81,78,1500495009109
903,1500495415188,08da45e3-bc56-4425-bad2-55d191676b79,78,78,1500495418888
904,1500495863744,08da45e3-bc56-4425-bad2-55d191676b79,78,16,1500501327672
971,1500500557787,8229e049-dd7a-42d2-b037-3839b23be516,44,10,1500513243831
667,1500504495359,815717e9-cd15-4d4e-b35c-a0206bc0aa24,28,28,1500504499272
668,1500504642418,815717e9-cd15-4d4e-b35c-a0206bc0aa24,30,30,1500504642579
83,1500505211736,0c735596-1a1c-4a35-bb02-55d90c4f86ac,100,57,1500512234328
669,1500506359151,815717e9-cd15-4d4e-b35c-a0206bc0aa24,47,47,1500506360186
670,1500506405735,815717e9-cd15-4d4e-b35c-a0206bc0aa24,47,47,1500506405783
671,1500506445340,815717e9-cd15-4d4e-b35c-a0206bc0aa24,48,48,1500506446789
672,1500508412047,815717e9-cd15-4d4e-b35c-a0206bc0aa24,66,66,1500508412776
673,1500508494589,815717e9-cd15-4d4e-b35c-a0206bc0aa24,66,66,1500508494893
1166,1500508524479,d58c3cb9-2543-4258-8695-ac3e310ba3ac,61,23,1500516693896
905,1500509304522,08da45e3-bc56-4425-bad2-55d191676b79,38,16,1500516076120
674,1500515728043,815717e9-cd15-4d4e-b35c-a0206bc0aa24,100,100,1500515728194
675,1500517215072,815717e9-cd15-4d4e-b35c-a0206bc0aa24,100,100,1500517215869
676,1500517345509,815717e9-cd15-4d4e-b35c-a0206bc0aa24,100,100,1500517345979
677,1500517520819,815717e9-cd15-4d4e-b35c-a0206bc0aa24,100,100,1500520135245
678,1500520359261,815717e9-cd15-4d4e-b35c-a0206bc0aa24,100,100,1500520378308
679,1500520434263,815717e9-cd15-4d4e-b35c-a0206bc0aa24,100,100,1500520452045
680,1500521175069,815717e9-cd15-4d4e-b35c-a0206bc0aa24,100,100,1500521175111
681,1500521611859,815717e9-cd15-4d4e-b35c-a0206bc0aa24,100,100,1500521612133
682,1500521616503,815717e9-cd15-4d4e-b35c-a0206bc0aa24,100,100,1500521616788
683,1500521617296,815717e9-cd15-4d4e-b35c-a0206bc0aa24,100,100,1500521617334
684,1500521618368,815717e9-cd15-4d4e-b35c-a0206bc0aa24,100,100,1500521618567
84,1500521643558,0c735596-1a1c-4a35-bb02-55d90c4f86ac,100,71,1500525486701
972,1500525958548,8229e049-dd7a-42d2-b037-3839b23be516,63,50,1500534144575
85,1500527893586,0c735596-1a1c-4a35-bb02-55d90c4f86ac,93,80,1500528905269
86,1500531051329,0c735596-1a1c-4a35-bb02-55d90c4f86ac,100,78,1500532389261
685,1500540188589,815717e9-cd15-4d4e-b35c-a0206bc0aa24,100,98,1500542572712
87,1500542057144,0c735596-1a1c-4a35-bb02-55d90c4f86ac,100,97,1500542200286
686,1500542985089,815717e9-cd15-4d4e-b35c-a0206bc0aa24,99,99,1500542985930
687,1500543048791,815717e9-cd15-4d4e-b35c-a0206bc0aa24,100,100,1500543049095
688,1500543049942,815717e9-cd15-4d4e-b35c-a0206bc0aa24,100,100,1500543050585
689,1500543678457,815717e9-cd15-4d4e-b35c-a0206bc0aa24,100,100,1500543678986
690,1500543680561,815717e9-cd15-4d4e-b35c-a0206bc0aa24,100,100,1500543680967
493,1500543743424,53f52117-1170-4972-af68-8ecbe2132e72,77,77,1500543743721
691,1500544014054,815717e9-cd15-4d4e-b35c-a0206bc0aa24,100,100,1500544016292
692,1500544047839,815717e9-cd15-4d4e-b35c-a0206bc0aa24,100,100,1500544560756
88,1500544952678,0c735596-1a1c-4a35-bb02-55d90c4f86ac,100,26,1500562742045
693,1500545312763,815717e9-cd15-4d4e-b35c-a0206bc0aa24,100,100,1500547505985
1167,1500546310067,d58c3cb9-2543-4258-8695-ac3e310ba3ac,100,5,1500580441315
973,1500546361789,8229e049-dd7a-42d2-b037-3839b23be516,91,21,1500587069814
694,1500547506282,815717e9-cd15-4d4e-b35c-a0206bc0aa24,100,10,1500601070971
494,1500549408130,53f52117-1170-4972-af68-8ecbe2132e72,100,100,1500549408181
495,1500550709873,53f52117-1170-4972-af68-8ecbe2132e72,100,100,1500550710041
906,1500552020125,08da45e3-bc56-4425-bad2-55d191676b79,100,76,1500553702013
907,1500556835644,08da45e3-bc56-4425-bad2-55d191676b79,100,100,1500556836109
908,1500557153372,08da45e3-bc56-4425-bad2-55d191676b79,100,1,1500584243998
974,1500588777095,8229e049-dd7a-42d2-b037-3839b23be516,28,11,1500598610730
89,1500588912233,0c735596-1a1c-4a35-bb02-55d90c4f86ac,100,64,1500592077944
909,1500591338685,08da45e3-bc56-4425-bad2-55d191676b79,79,20,1500605474613
1168,1500592345195,d58c3cb9-2543-4258-8695-ac3e310ba3ac,45,30,1500594848867
90,1500596064895,0c735596-1a1c-4a35-bb02-55d90c4f86ac,96,60,1500598645805
1169,1500597235743,d58c3cb9-2543-4258-8695-ac3e310ba3ac,70,28,1500613960279
695,1500603195741,815717e9-cd15-4d4e-b35c-a0206bc0aa24,31,31,1500603197305
696,1500603498091,815717e9-cd15-4d4e-b35c-a0206bc0aa24,31,31,1500603499274
91,1500607979105,0c735596-1a1c-4a35-bb02-55d90c4f86ac,100,85,1500611589132
975,1500608508765,8229e049-dd7a-42d2-b037-3839b23be516,49,10,1500631502298
92,1500611653874,0c735596-1a1c-4a35-bb02-55d90c4f86ac,85,73,1500612661897
697,1500627641381,815717e9-cd15-4d4e-b35c-a0206bc0aa24,100,100,1500627641759
698,1500627657599,815717e9-cd15-4d4e-b35c-a0206bc0aa24,100,99,1500630716464
699,1500630716927,815717e9-cd15-4d4e-b35c-a0206bc0aa24,99,99,1500630718471
700,1500630722908,815717e9-cd15-4d4e-b35c-a0206bc0aa24,99,100,1500631074537
701,1500631078020,815717e9-cd15-4d4e-b35c-a0206bc0aa24,100,100,1500631174060
702,1500631175181,815717e9-cd15-4d4e-b35c-a0206bc0aa24,100,14,1500673103831
1170,1500631423853,d58c3cb9-2543-4258-8695-ac3e310ba3ac,100,4,1500684003670
496,1500631468788,53f52117-1170-4972-af68-8ecbe2132e72,94,94,1500631469854
497,1500631637019,53f52117-1170-4972-af68-8ecbe2132e72,96,96,1500631637948
976,1500631703772,8229e049-dd7a-42d2-b037-3839b23be516,10,10,1500631714174
498,1500631782357,53f52117-1170-4972-af68-8ecbe2132e72,97,95,1500632516811
977,1500633213269,8229e049-dd7a-42d2-b037-3839b23be516,16,16,1500633267017
978,1500634612495,8229e049-dd7a-42d2-b037-3839b23be516,19,6,1500638022407
910,1500636617946,08da45e3-bc56-4425-bad2-55d191676b79,100,35,1500659145148
979,1500638023834,8229e049-dd7a-42d2-b037-3839b23be516,3,2,1500638027667
980,1500640930805,8229e049-dd7a-42d2-b037-3839b23be516,16,12,1500644048309
981,1500658504240,8229e049-dd7a-42d2-b037-3839b23be516,57,15,1500680314904
911,1500659751083,08da45e3-bc56-4425-bad2-55d191676b79,51,18,1500665547130
503,1500666160283,3a915327-f2f0-4e05-ae5c-179b2ccfaec2,100,15,1500676362225
912,1500672230294,08da45e3-bc56-4425-bad2-55d191676b79,99,89,1500673840938
703,1500673456134,815717e9-cd15-4d4e-b35c-a0206bc0aa24,17,17,1500673456275
913,1500674969428,08da45e3-bc56-4425-bad2-55d191676b79,100,14,1500698257494
704,1500676248521,815717e9-cd15-4d4e-b35c-a0206bc0aa24,47,47,1500676249088
705,1500676249519,815717e9-cd15-4d4e-b35c-a0206bc0aa24,47,47,1500676250602
706,1500676253056,815717e9-cd15-4d4e-b35c-a0206bc0aa24,47,46,1500676265740
504,1500676388879,3a915327-f2f0-4e05-ae5c-179b2ccfaec2,15,14,1500676458687
505,1500676620202,3a915327-f2f0-4e05-ae5c-179b2ccfaec2,9,7,1500676623231
506,1500676627020,3a915327-f2f0-4e05-ae5c-179b2ccfaec2,7,7,1500676633929
507,1500676650169,3a915327-f2f0-4e05-ae5c-179b2ccfaec2,3,3,1500676661316
707,1500676723243,815717e9-cd15-4d4e-b35c-a0206bc0aa24,51,51,1500676723401
708,1500676723462,815717e9-cd15-4d4e-b35c-a0206bc0aa24,51,51,1500676730111
709,1500676732527,815717e9-cd15-4d4e-b35c-a0206bc0aa24,51,43,1500691454330
508,1500678030803,3a915327-f2f0-4e05-ae5c-179b2ccfaec2,2,1,1500678045402
509,1500678436804,3a915327-f2f0-4e05-ae5c-179b2ccfaec2,1,1,1500678726995
982,1500681143936,8229e049-dd7a-42d2-b037-3839b23be516,18,13,1500682075758
1171,1500684121570,d58c3cb9-2543-4258-8695-ac3e310ba3ac,7,7,1500684126329
1172,1500685033700,d58c3cb9-2543-4258-8695-ac3e310ba3ac,15,15,1500685036728
1173,1500685038671,d58c3cb9-2543-4258-8695-ac3e310ba3ac,15,15,1500685039293
885,1500687033062,259cc994-877a-4e94-bb4a-06b44c30be47,49,49,1500687035161
886,1500687042185,259cc994-877a-4e94-bb4a-06b44c30be47,49,10,1500697577944
1174,1500688580049,d58c3cb9-2543-4258-8695-ac3e310ba3ac,61,47,1500702475955
510,1500690558156,3a915327-f2f0-4e05-ae5c-179b2ccfaec2,100,9,1500730523796
983,1500692726365,8229e049-dd7a-42d2-b037-3839b23be516,58,40,1500695056836
710,1500694889946,815717e9-cd15-4d4e-b35c-a0206bc0aa24,79,79,1500694891535
711,1500696960033,815717e9-cd15-4d4e-b35c-a0206bc0aa24,94,94,1500696960142
712,1500696983485,815717e9-cd15-4d4e-b35c-a0206bc0aa24,94,94,1500696984324
713,1500696985482,815717e9-cd15-4d4e-b35c-a0206bc0aa24,94,94,1500696985520
714,1500697360958,815717e9-cd15-4d4e-b35c-a0206bc0aa24,100,100,1500697361271
715,1500697840991,815717e9-cd15-4d4e-b35c-a0206bc0aa24,100,100,1500697841484
716,1500697842251,815717e9-cd15-4d4e-b35c-a0206bc0aa24,100,71,1500706256923
887,1500699455963,259cc994-877a-4e94-bb4a-06b44c30be47,55,53,1500700509511
888,1500708244618,259cc994-877a-4e94-bb4a-06b44c30be47,76,76,1500708288607
889,1500710089686,259cc994-877a-4e94-bb4a-06b44c30be47,100,40,1500827271241
717,1500715212195,815717e9-cd15-4d4e-b35c-a0206bc0aa24,100,95,1500720012281
984,1500715587258,8229e049-dd7a-42d2-b037-3839b23be516,100,9,1500775897983
718,1500720013448,815717e9-cd15-4d4e-b35c-a0206bc0aa24,95,95,1500720013640
719,1500721417604,815717e9-cd15-4d4e-b35c-a0206bc0aa24,100,25,1500758955834
1175,1500721552756,d58c3cb9-2543-4258-8695-ac3e310ba3ac,100,17,1500777298042
914,1500724136885,08da45e3-bc56-4425-bad2-55d191676b79,100,77,1500734622130
915,1500736141031,08da45e3-bc56-4425-bad2-55d191676b79,100,100,1500736143892
916,1500738965072,08da45e3-bc56-4425-bad2-55d191676b79,100,84,1500740173464
917,1500742697496,08da45e3-bc56-4425-bad2-55d191676b79,98,98,1500742701300
918,1500743128981,08da45e3-bc56-4425-bad2-55d191676b79,98,98,1500743130794
919,1500743367359,08da45e3-bc56-4425-bad2-55d191676b79,99,28,1500759048861
720,1500761497915,815717e9-cd15-4d4e-b35c-a0206bc0aa24,52,52,1500761525370
721,1500761526090,815717e9-cd15-4d4e-b35c-a0206bc0aa24,52,52,1500761526549
722,1500762057582,815717e9-cd15-4d4e-b35c-a0206bc0aa24,57,57,1500762067357
723,1500762068040,815717e9-cd15-4d4e-b35c-a0206bc0aa24,57,57,1500762068422
724,1500762091410,815717e9-cd15-4d4e-b35c-a0206bc0aa24,57,57,1500762175929
725,1500762281057,815717e9-cd15-4d4e-b35c-a0206bc0aa24,58,58,1500762343132
920,1500764697978,08da45e3-bc56-4425-bad2-55d191676b79,100,24,1500793268991
726,1500765156357,815717e9-cd15-4d4e-b35c-a0206bc0aa24,85,67,1500790685189
511,1500773060609,3a915327-f2f0-4e05-ae5c-179b2ccfaec2,84,2,1500932111385
985,1500776160005,8229e049-dd7a-42d2-b037-3839b23be516,10,10,1500776187035
986,1500776206503,8229e049-dd7a-42d2-b037-3839b23be516,10,10,1500776240882
1176,1500778416514,d58c3cb9-2543-4258-8695-ac3e310ba3ac,30,30,1500778422637
1177,1500782977098,d58c3cb9-2543-4258-8695-ac3e310ba3ac,100,5,1500816031877
727,1500790800206,815717e9-cd15-4d4e-b35c-a0206bc0aa24,67,67,1500790800290
987,1500800591021,8229e049-dd7a-42d2-b037-3839b23be516,73,35,1500824196319
728,1500801131552,815717e9-cd15-4d4e-b35c-a0206bc0aa24,100,100,1500801131704
729,1500801138946,815717e9-cd15-4d4e-b35c-a0206bc0aa24,100,100,1500801140496
730,1500804141222,815717e9-cd15-4d4e-b35c-a0206bc0aa24,100,100,1500804294281
731,1500804855340,815717e9-cd15-4d4e-b35c-a0206bc0aa24,100,100,1500805226933
732,1500805231073,815717e9-cd15-4d4e-b35c-a0206bc0aa24,100,100,1500805234557
499,1500805872666,53f52117-1170-4972-af68-8ecbe2132e72,100,96,1501201097761
733,1500806251770,815717e9-cd15-4d4e-b35c-a0206bc0aa24,100,100,1500806404936
734,1500807460162,815717e9-cd15-4d4e-b35c-a0206bc0aa24,100,100,1500807474021
735,1500807491477,815717e9-cd15-4d4e-b35c-a0206bc0aa24,100,100,1500807514212
736,1500807547803,815717e9-cd15-4d4e-b35c-a0206bc0aa24,100,100,1500807555175
737,1500807622062,815717e9-cd15-4d4e-b35c-a0206bc0aa24,100,100,1500807622620
738,1500807704432,815717e9-cd15-4d4e-b35c-a0206bc0aa24,100,100,1500807704813
739,1500807941786,815717e9-cd15-4d4e-b35c-a0206bc0aa24,100,100,1500807942687
740,1500807955792,815717e9-cd15-4d4e-b35c-a0206bc0aa24,100,100,1500807962380
741,1500808050602,815717e9-cd15-4d4e-b35c-a0206bc0aa24,100,100,1500808061126
742,1500808171116,815717e9-cd15-4d4e-b35c-a0206bc0aa24,100,100,1500808171195
743,1500808304628,815717e9-cd15-4d4e-b35c-a0206bc0aa24,100,99,1500808772052
744,1500808772186,815717e9-cd15-4d4e-b35c-a0206bc0aa24,99,67,1500830573929
921,1500818561014,08da45e3-bc56-4425-bad2-55d191676b79,100,10,1500851589369
1178,1500822505128,d58c3cb9-2543-4258-8695-ac3e310ba3ac,100,65,1500830890150
988,1500829253838,8229e049-dd7a-42d2-b037-3839b23be516,51,9,1500843554017
1179,1500832189384,d58c3cb9-2543-4258-8695-ac3e310ba3ac,72,72,1500834408829
745,1500833532481,815717e9-cd15-4d4e-b35c-a0206bc0aa24,91,91,1500833532835
746,1500833532911,815717e9-cd15-4d4e-b35c-a0206bc0aa24,91,91,1500833534813
1180,1500834878119,d58c3cb9-2543-4258-8695-ac3e310ba3ac,70,63,1500835762906
747,1500835315238,815717e9-cd15-4d4e-b35c-a0206bc0aa24,96,96,1500835981486
1181,1500836293712,d58c3cb9-2543-4258-8695-ac3e310ba3ac,63,3,1500855252659
748,1500837257557,815717e9-cd15-4d4e-b35c-a0206bc0aa24,100,100,1500837268105
749,1500837268771,815717e9-cd15-4d4e-b35c-a0206bc0aa24,100,99,1500837679824
750,1500839094861,815717e9-cd15-4d4e-b35c-a0206bc0aa24,100,100,1500839095120
890,1500846744673,259cc994-877a-4e94-bb4a-06b44c30be47,100,5,1500880327422
989,1500853540257,8229e049-dd7a-42d2-b037-3839b23be516,27,15,1500858306310
1182,1500857001466,d58c3cb9-2543-4258-8695-ac3e310ba3ac,52,50,1500860708053
922,1500861422311,08da45e3-bc56-4425-bad2-55d191676b79,100,78,1500871080753
923,1500871114025,08da45e3-bc56-4425-bad2-55d191676b79,78,78,1500871120013
891,1500882927356,259cc994-877a-4e94-bb4a-06b44c30be47,72,71,1500883099929
1183,1500888624114,d58c3cb9-2543-4258-8695-ac3e310ba3ac,100,97,1500889784270
1184,1500891528562,d58c3cb9-2543-4258-8695-ac3e310ba3ac,100,12,1500969685104
892,1500891532843,259cc994-877a-4e94-bb4a-06b44c30be47,100,14,1500944004025
751,1500891554215,815717e9-cd15-4d4e-b35c-a0206bc0aa24,56,56,1500891554308
990,1500891555693,8229e049-dd7a-42d2-b037-3839b23be516,79,15,1500941229032
752,1500891570323,815717e9-cd15-4d4e-b35c-a0206bc0aa24,57,57,1500891581992
753,1500892436420,815717e9-cd15-4d4e-b35c-a0206bc0aa24,64,33,1500914137305
924,1500905827595,08da45e3-bc56-4425-bad2-55d191676b79,100,75,1500909394433
925,1500912501604,08da45e3-bc56-4425-bad2-55d191676b79,100,84,1500921104359
754,1500921398854,815717e9-cd15-4d4e-b35c-a0206bc0aa24,76,71,1500923248113
926,1500922994303,08da45e3-bc56-4425-bad2-55d191676b79,95,93,1500923251755
927,1500924339966,08da45e3-bc56-4425-bad2-55d191676b79,95,8,1500946393683
755,1500928222662,815717e9-cd15-4d4e-b35c-a0206bc0aa24,96,46,1500950047917
512,1500932114453,3a915327-f2f0-4e05-ae5c-179b2ccfaec2,2,2,1500932117040
513,1500934852893,3a915327-f2f0-4e05-ae5c-179b2ccfaec2,26,19,1500935649807
514,1500939535513,3a915327-f2f0-4e05-ae5c-179b2ccfaec2,74,46,1500947713199
991,1500944917691,8229e049-dd7a-42d2-b037-3839b23be516,25,15,1500946642229
893,1500949143647,259cc994-877a-4e94-bb4a-06b44c30be47,100,29,1501210420987
992,1500950616124,8229e049-dd7a-42d2-b037-3839b23be516,27,18,1500952221897
993,1500970885479,8229e049-dd7a-42d2-b037-3839b23be516,72,0,1501012139275
1185,1500976830944,d58c3cb9-2543-4258-8695-ac3e310ba3ac,100,98,1500977116783
479,1500976927288,94311892-eecf-4de6-b127-2639da1764a7,77,70,1500987353145
1186,1500978362768,d58c3cb9-2543-4258-8695-ac3e310ba3ac,100,5,1501027671690
756,1500979409235,815717e9-cd15-4d4e-b35c-a0206bc0aa24,100,100,1500979409755
757,1500979861523,815717e9-cd15-4d4e-b35c-a0206bc0aa24,100,34,1501022913788
928,1500985816329,08da45e3-bc56-4425-bad2-55d191676b79,100,82,1500986911228
480,1500987404203,94311892-eecf-4de6-b127-2639da1764a7,70,70,1500987405493
481,1500987437257,94311892-eecf-4de6-b127-2639da1764a7,70,70,1500987789811
482,1500987850283,94311892-eecf-4de6-b127-2639da1764a7,70,41,1501000880380
929,1500989314635,08da45e3-bc56-4425-bad2-55d191676b79,89,14,1501011878339
515,1500996527392,3a915327-f2f0-4e05-ae5c-179b2ccfaec2,100,14,1501016842623
500,1500999354020,53f52117-1170-4972-af68-8ecbe2132e72,93,93,1500999419423
483,1501006867410,94311892-eecf-4de6-b127-2639da1764a7,100,23,1501085747760
994,1501012140172,8229e049-dd7a-42d2-b037-3839b23be516,0,0,1501012141099
995,1501012141259,8229e049-dd7a-42d2-b037-3839b23be516,0,0,1501012143247
996,1501012144710,8229e049-dd7a-42d2-b037-3839b23be516,0,0,1501012148942
997,1501012149487,8229e049-dd7a-42d2-b037-3839b23be516,0,0,1501012152332
1000,1501012358038,8229e049-dd7a-42d2-b037-3839b23be516,0,0,1501012359673
1001,1501012361707,8229e049-dd7a-42d2-b037-3839b23be516,0,0,1501012362441
998,1501012361772,8229e049-dd7a-42d2-b037-3839b23be516,0,0,1501012362618
1002,1501012362860,8229e049-dd7a-42d2-b037-3839b23be516,0,0,1501012363299
999,1501012363017,8229e049-dd7a-42d2-b037-3839b23be516,0,0,1501012357546
1003,1501012364049,8229e049-dd7a-42d2-b037-3839b23be516,0,0,1501012364498
1004,1501012364743,8229e049-dd7a-42d2-b037-3839b23be516,0,0,1501012365956
1005,1501012366496,8229e049-dd7a-42d2-b037-3839b23be516,0,0,1501012366833
1006,1501012367116,8229e049-dd7a-42d2-b037-3839b23be516,0,0,1501012367617
1007,1501012367890,8229e049-dd7a-42d2-b037-3839b23be516,0,0,1501012368112
1008,1501012368468,8229e049-dd7a-42d2-b037-3839b23be516,0,0,1501012369446
1009,1501012369719,8229e049-dd7a-42d2-b037-3839b23be516,0,0,1501012369946
1010,1501012370585,8229e049-dd7a-42d2-b037-3839b23be516,0,0,1501012371066
1011,1501012372667,8229e049-dd7a-42d2-b037-3839b23be516,0,0,1501012373622
1012,1501012373941,8229e049-dd7a-42d2-b037-3839b23be516,0,0,1501012374260
1013,1501012374844,8229e049-dd7a-42d2-b037-3839b23be516,0,0,1501012375097
1014,1501012375777,8229e049-dd7a-42d2-b037-3839b23be516,0,0,1501012376516
1015,1501012377368,8229e049-dd7a-42d2-b037-3839b23be516,0,0,1501012377855
1016,1501012378387,8229e049-dd7a-42d2-b037-3839b23be516,0,0,1501012378718
1017,1501012379154,8229e049-dd7a-42d2-b037-3839b23be516,0,0,1501012380911
1018,1501012381184,8229e049-dd7a-42d2-b037-3839b23be516,0,0,1501012381630
1019,1501012382042,8229e049-dd7a-42d2-b037-3839b23be516,0,0,1501012382316
758,1501022916745,815717e9-cd15-4d4e-b35c-a0206bc0aa24,34,34,1501022916908
759,1501022917334,815717e9-cd15-4d4e-b35c-a0206bc0aa24,34,34,1501022917427
760,1501027854241,815717e9-cd15-4d4e-b35c-a0206bc0aa24,65,39,1501036900705
930,1501028917688,08da45e3-bc56-4425-bad2-55d191676b79,100,24,1501042104294
1187,1501033203042,d58c3cb9-2543-4258-8695-ac3e310ba3ac,99,77,1501037993257
761,1501036900933,815717e9-cd15-4d4e-b35c-a0206bc0aa24,39,39,1501036903750
762,1501036922409,815717e9-cd15-4d4e-b35c-a0206bc0aa24,39,39,1501036933038
763,1501036936554,815717e9-cd15-4d4e-b35c-a0206bc0aa24,39,39,1501036939293
764,1501037401157,815717e9-cd15-4d4e-b35c-a0206bc0aa24,43,29,1501067255143
1188,1501063038464,d58c3cb9-2543-4258-8695-ac3e310ba3ac,100,39,1501091865492
931,1501073981198,08da45e3-bc56-4425-bad2-55d191676b79,100,60,1501079366631
765,1501075361950,815717e9-cd15-4d4e-b35c-a0206bc0aa24,75,30,1501098795782
932,1501083161792,08da45e3-bc56-4425-bad2-55d191676b79,100,12,1501104601806
1189,1501091926822,d58c3cb9-2543-4258-8695-ac3e310ba3ac,39,39,1501091931440
1190,1501091941768,d58c3cb9-2543-4258-8695-ac3e310ba3ac,39,39,1501091943230
1191,1501092924181,d58c3cb9-2543-4258-8695-ac3e310ba3ac,60,5,1501118125346
766,1501101099256,815717e9-cd15-4d4e-b35c-a0206bc0aa24,43,25,1501110336385
933,1501107269728,08da45e3-bc56-4425-bad2-55d191676b79,40,39,1501107343077
934,1501109807349,08da45e3-bc56-4425-bad2-55d191676b79,64,8,1501127625956
516,1501110367886,3a915327-f2f0-4e05-ae5c-179b2ccfaec2,28,6,1501113299559
767,1501110462627,815717e9-cd15-4d4e-b35c-a0206bc0aa24,26,25,1501110740041
768,1501111330309,815717e9-cd15-4d4e-b35c-a0206bc0aa24,28,26,1501111591409
769,1501113384418,815717e9-cd15-4d4e-b35c-a0206bc0aa24,42,18,1501124914568
1192,1501118145491,d58c3cb9-2543-4258-8695-ac3e310ba3ac,4,4,1501118146447
1193,1501118178161,d58c3cb9-2543-4258-8695-ac3e310ba3ac,3,3,1501118184941
1194,1501118207825,d58c3cb9-2543-4258-8695-ac3e310ba3ac,3,3,1501118209240
1195,1501118211874,d58c3cb9-2543-4258-8695-ac3e310ba3ac,3,3,1501118215167
1196,1501122291205,d58c3cb9-2543-4258-8695-ac3e310ba3ac,91,54,1501129692319
770,1501132951293,815717e9-cd15-4d4e-b35c-a0206bc0aa24,93,88,1501149367562
1197,1501148661679,d58c3cb9-2543-4258-8695-ac3e310ba3ac,100,47,1501231892352
771,1501152785596,815717e9-cd15-4d4e-b35c-a0206bc0aa24,100,34,1501197927502
517,1501155693285,3a915327-f2f0-4e05-ae5c-179b2ccfaec2,100,10,1501170108173
1020,1501158341061,8229e049-dd7a-42d2-b037-3839b23be516,0,0,1501158342143
1021,1501158343829,8229e049-dd7a-42d2-b037-3839b23be516,0,0,1501158345107
1022,1501158345866,8229e049-dd7a-42d2-b037-3839b23be516,0,0,1501158347252
1023,1501158348578,8229e049-dd7a-42d2-b037-3839b23be516,0,0,1501158350520
1024,1501158351348,8229e049-dd7a-42d2-b037-3839b23be516,0,0,1501158352408
1025,1501158353440,8229e049-dd7a-42d2-b037-3839b23be516,0,0,1501158355021
1026,1501158355733,8229e049-dd7a-42d2-b037-3839b23be516,0,0,1501158355875
1027,1501158356416,8229e049-dd7a-42d2-b037-3839b23be516,0,0,1501158356913
1028,1501158357281,8229e049-dd7a-42d2-b037-3839b23be516,0,0,1501158357736
1029,1501158358542,8229e049-dd7a-42d2-b037-3839b23be516,0,0,1501158359064
1030,1501158359591,8229e049-dd7a-42d2-b037-3839b23be516,0,0,1501158360160
1031,1501158361249,8229e049-dd7a-42d2-b037-3839b23be516,0,0,1501158362278
1032,1501158362753,8229e049-dd7a-42d2-b037-3839b23be516,0,0,1501158366571
1033,1501158367015,8229e049-dd7a-42d2-b037-3839b23be516,0,0,1501158368136
1034,1501158368418,8229e049-dd7a-42d2-b037-3839b23be516,0,0,1501158369084
1035,1501158369687,8229e049-dd7a-42d2-b037-3839b23be516,0,0,1501158370459
1036,1501158370707,8229e049-dd7a-42d2-b037-3839b23be516,0,0,1501158371208
1037,1501158372061,8229e049-dd7a-42d2-b037-3839b23be516,0,0,1501158372946
1038,1501158373943,8229e049-dd7a-42d2-b037-3839b23be516,0,0,1501158374183
1039,1501158375085,8229e049-dd7a-42d2-b037-3839b23be516,0,0,1501158375739
1040,1501158376427,8229e049-dd7a-42d2-b037-3839b23be516,0,0,1501158376908
1041,1501158378765,8229e049-dd7a-42d2-b037-3839b23be516,0,0,1501158379606
935,1501160821223,08da45e3-bc56-4425-bad2-55d191676b79,100,79,1501162870998
936,1501165956433,08da45e3-bc56-4425-bad2-55d191676b79,100,4,1501189575483
1042,1501168745943,8229e049-dd7a-42d2-b037-3839b23be516,35,14,1501174437443
518,1501171664088,3a915327-f2f0-4e05-ae5c-179b2ccfaec2,27,26,1501171693887
484,1501171748674,94311892-eecf-4de6-b127-2639da1764a7,18,2,1501175997776
1043,1501174470079,8229e049-dd7a-42d2-b037-3839b23be516,14,14,1501174488753
1044,1501174490676,8229e049-dd7a-42d2-b037-3839b23be516,13,13,1501174506298
485,1501176094879,94311892-eecf-4de6-b127-2639da1764a7,4,3,1501176639843
519,1501176666147,3a915327-f2f0-4e05-ae5c-179b2ccfaec2,80,2,1501189418263
520,1501192082889,3a915327-f2f0-4e05-ae5c-179b2ccfaec2,30,29,1501192098254
521,1501192602032,3a915327-f2f0-4e05-ae5c-179b2ccfaec2,33,19,1501194155262
937,1501193537280,08da45e3-bc56-4425-bad2-55d191676b79,66,66,1501193575288
938,1501194215157,08da45e3-bc56-4425-bad2-55d191676b79,68,55,1501196724907
1061,1501196406718,94311892-eecf-4de6-b127-2639da1764a7,99,2,1501609449533
772,1501200327732,815717e9-cd15-4d4e-b35c-a0206bc0aa24,54,31,1501210559436
939,1501200742719,08da45e3-bc56-4425-bad2-55d191676b79,97,33,1501214108527
522,1501203270065,3a915327-f2f0-4e05-ae5c-179b2ccfaec2,92,56,1501211266328
894,1501211011058,259cc994-877a-4e94-bb4a-06b44c30be47,37,3,1501225011327
895,1501226325011,259cc994-877a-4e94-bb4a-06b44c30be47,39,39,1501226388392
896,1501231181088,259cc994-877a-4e94-bb4a-06b44c30be47,100,8,1501310852173
773,1501234364421,815717e9-cd15-4d4e-b35c-a0206bc0aa24,100,34,1501278556196
501,1501235561948,53f52117-1170-4972-af68-8ecbe2132e72,96,96,1501235571909
502,1501235965141,53f52117-1170-4972-af68-8ecbe2132e72,98,98,1501236427286
940,1501240221332,08da45e3-bc56-4425-bad2-55d191676b79,100,87,1501241716412
1045,1501243464827,8229e049-dd7a-42d2-b037-3839b23be516,15,15,1501243475474
1046,1501243711124,8229e049-dd7a-42d2-b037-3839b23be516,16,16,1501243774096
1047,1501243792791,8229e049-dd7a-42d2-b037-3839b23be516,16,16,1501243793471
941,1501244171004,08da45e3-bc56-4425-bad2-55d191676b79,100,3,1501270643817
523,1501245014213,3a915327-f2f0-4e05-ae5c-179b2ccfaec2,100,1,1501260615301
1048,1501252207817,8229e049-dd7a-42d2-b037-3839b23be516,45,30,1501257481134
1049,1501264926895,8229e049-dd7a-42d2-b037-3839b23be516,54,45,1501266465753
524,1501265852356,3a915327-f2f0-4e05-ae5c-179b2ccfaec2,33,30,1501266290811
525,1501266399597,3a915327-f2f0-4e05-ae5c-179b2ccfaec2,29,29,1501266412816
526,1501267560891,3a915327-f2f0-4e05-ae5c-179b2ccfaec2,27,21,1501268021110
1050,1501268655774,8229e049-dd7a-42d2-b037-3839b23be516,49,24,1501282072956
527,1501271493505,3a915327-f2f0-4e05-ae5c-179b2ccfaec2,68,21,1501276435244
528,1501277762530,3a915327-f2f0-4e05-ae5c-179b2ccfaec2,21,2,1501279629491
774,1501280269655,815717e9-cd15-4d4e-b35c-a0206bc0aa24,47,38,1501283895531
1198,1501280840053,d58c3cb9-2543-4258-8695-ac3e310ba3ac,17,17,1501280840834
529,1501281666908,3a915327-f2f0-4e05-ae5c-179b2ccfaec2,27,26,1501281781355
530,1501281793472,3a915327-f2f0-4e05-ae5c-179b2ccfaec2,26,15,1501282791607
942,1501281857767,08da45e3-bc56-4425-bad2-55d191676b79,100,100,1501281865953
943,1501281867908,08da45e3-bc56-4425-bad2-55d191676b79,100,36,1501298224501
1199,1501283301813,d58c3cb9-2543-4258-8695-ac3e310ba3ac,56,56,1501283305219
1200,1501283311534,d58c3cb9-2543-4258-8695-ac3e310ba3ac,56,56,1501283312848
1201,1501283525354,d58c3cb9-2543-4258-8695-ac3e310ba3ac,59,59,1501283526018
775,1501283903734,815717e9-cd15-4d4e-b35c-a0206bc0aa24,38,38,1501283905546
776,1501285996869,815717e9-cd15-4d4e-b35c-a0206bc0aa24,55,55,1501286059373
1202,1501286061962,d58c3cb9-2543-4258-8695-ac3e310ba3ac,95,40,1501326148893
531,1501287152759,3a915327-f2f0-4e05-ae5c-179b2ccfaec2,44,40,1501287664180
777,1501288709080,815717e9-cd15-4d4e-b35c-a0206bc0aa24,82,82,1501288709354
778,1501289980504,815717e9-cd15-4d4e-b35c-a0206bc0aa24,87,87,1501289981702
779,1501289981949,815717e9-cd15-4d4e-b35c-a0206bc0aa24,87,11,1501328656384
532,1501291170557,3a915327-f2f0-4e05-ae5c-179b2ccfaec2,71,67,1501291896182
533,1501292381728,3a915327-f2f0-4e05-ae5c-179b2ccfaec2,73,62,1501295411280
897,1501311503445,259cc994-877a-4e94-bb4a-06b44c30be47,20,15,1501319150560
534,1501313485269,3a915327-f2f0-4e05-ae5c-179b2ccfaec2,100,72,1501324730461
898,1501319580539,259cc994-877a-4e94-bb4a-06b44c30be47,22,22,1501319585178
899,1501319598562,259cc994-877a-4e94-bb4a-06b44c30be47,22,3,1501341617549
535,1501324897501,3a915327-f2f0-4e05-ae5c-179b2ccfaec2,73,72,1501324971748
536,1501325072000,3a915327-f2f0-4e05-ae5c-179b2ccfaec2,72,1,1501346916331
1203,1501331242922,d58c3cb9-2543-4258-8695-ac3e310ba3ac,100,23,1501361987665
780,1501334409647,815717e9-cd15-4d4e-b35c-a0206bc0aa24,75,75,1501334409893
781,1501334888696,815717e9-cd15-4d4e-b35c-a0206bc0aa24,77,77,1501334901530
782,1501334931632,815717e9-cd15-4d4e-b35c-a0206bc0aa24,77,76,1501335521894
783,1501335523849,815717e9-cd15-4d4e-b35c-a0206bc0aa24,76,76,1501335527552
784,1501335528556,815717e9-cd15-4d4e-b35c-a0206bc0aa24,76,76,1501335706829
785,1501335730632,815717e9-cd15-4d4e-b35c-a0206bc0aa24,76,76,1501335733552
786,1501335881435,815717e9-cd15-4d4e-b35c-a0206bc0aa24,78,78,1501335883329
787,1501335903335,815717e9-cd15-4d4e-b35c-a0206bc0aa24,78,78,1501335904202
788,1501335967704,815717e9-cd15-4d4e-b35c-a0206bc0aa24,78,78,1501335970921
789,1501335980093,815717e9-cd15-4d4e-b35c-a0206bc0aa24,79,79,1501335980738
790,1501335982724,815717e9-cd15-4d4e-b35c-a0206bc0aa24,79,79,1501335982787
791,1501337502946,815717e9-cd15-4d4e-b35c-a0206bc0aa24,90,74,1501344059453
900,1501344516179,259cc994-877a-4e94-bb4a-06b44c30be47,56,29,1501347455518
792,1501345901109,815717e9-cd15-4d4e-b35c-a0206bc0aa24,89,89,1501345901689
793,1501346543809,815717e9-cd15-4d4e-b35c-a0206bc0aa24,92,92,1501346551701
794,1501346617833,815717e9-cd15-4d4e-b35c-a0206bc0aa24,93,93,1501346639147
795,1501346659425,815717e9-cd15-4d4e-b35c-a0206bc0aa24,93,93,1501346659647
796,1501346762695,815717e9-cd15-4d4e-b35c-a0206bc0aa24,93,93,1501346763157
944,1501347212999,08da45e3-bc56-4425-bad2-55d191676b79,100,77,1501350162563
797,1501347367563,815717e9-cd15-4d4e-b35c-a0206bc0aa24,96,96,1501347408666
798,1501347882360,815717e9-cd15-4d4e-b35c-a0206bc0aa24,98,98,1501348003693
799,1501348008212,815717e9-cd15-4d4e-b35c-a0206bc0aa24,98,98,1501348279051
800,1501348616084,815717e9-cd15-4d4e-b35c-a0206bc0aa24,99,99,1501348616396
801,1501348618502,815717e9-cd15-4d4e-b35c-a0206bc0aa24,99,99,1501348619134
802,1501348927192,815717e9-cd15-4d4e-b35c-a0206bc0aa24,100,100,1501348927850
803,1501348932259,815717e9-cd15-4d4e-b35c-a0206bc0aa24,100,100,1501349298194
804,1501349562338,815717e9-cd15-4d4e-b35c-a0206bc0aa24,100,100,1501349562467
805,1501349578534,815717e9-cd15-4d4e-b35c-a0206bc0aa24,100,100,1501349895968
806,1501349897145,815717e9-cd15-4d4e-b35c-a0206bc0aa24,100,100,1501349900099
807,1501350090147,815717e9-cd15-4d4e-b35c-a0206bc0aa24,100,100,1501350092956
808,1501350102510,815717e9-cd15-4d4e-b35c-a0206bc0aa24,100,100,1501350103405
809,1501350103752,815717e9-cd15-4d4e-b35c-a0206bc0aa24,100,100,1501350112238
810,1501350120680,815717e9-cd15-4d4e-b35c-a0206bc0aa24,100,100,1501350120743
811,1501350123892,815717e9-cd15-4d4e-b35c-a0206bc0aa24,100,100,1501350145098
812,1501350179671,815717e9-cd15-4d4e-b35c-a0206bc0aa24,100,100,1501350219800
813,1501350239853,815717e9-cd15-4d4e-b35c-a0206bc0aa24,100,100,1501350244299
814,1501350250798,815717e9-cd15-4d4e-b35c-a0206bc0aa24,100,100,1501350251004
815,1501350272851,815717e9-cd15-4d4e-b35c-a0206bc0aa24,100,100,1501350275148
816,1501350349472,815717e9-cd15-4d4e-b35c-a0206bc0aa24,100,100,1501350490905
817,1501350525606,815717e9-cd15-4d4e-b35c-a0206bc0aa24,100,100,1501350608733
818,1501350620227,815717e9-cd15-4d4e-b35c-a0206bc0aa24,100,100,1501350622234
819,1501351001007,815717e9-cd15-4d4e-b35c-a0206bc0aa24,100,100,1501351001403
820,1501351001770,815717e9-cd15-4d4e-b35c-a0206bc0aa24,100,100,1501351006101
821,1501351007034,815717e9-cd15-4d4e-b35c-a0206bc0aa24,100,100,1501351007988
822,1501351010506,815717e9-cd15-4d4e-b35c-a0206bc0aa24,100,100,1501351133380
823,1501351133586,815717e9-cd15-4d4e-b35c-a0206bc0aa24,100,100,1501351134529
824,1501351192415,815717e9-cd15-4d4e-b35c-a0206bc0aa24,100,100,1501351194001
825,1501351271743,815717e9-cd15-4d4e-b35c-a0206bc0aa24,100,100,1501351272546
826,1501351385943,815717e9-cd15-4d4e-b35c-a0206bc0aa24,100,100,1501351386417
827,1501351549688,815717e9-cd15-4d4e-b35c-a0206bc0aa24,100,100,1501351649491
828,1501351768746,815717e9-cd15-4d4e-b35c-a0206bc0aa24,100,100,1501351768843
829,1501351769464,815717e9-cd15-4d4e-b35c-a0206bc0aa24,100,100,1501351769614
830,1501351805110,815717e9-cd15-4d4e-b35c-a0206bc0aa24,100,100,1501351805210
831,1501351805529,815717e9-cd15-4d4e-b35c-a0206bc0aa24,100,100,1501351805632
832,1501351808141,815717e9-cd15-4d4e-b35c-a0206bc0aa24,100,100,1501351808501
833,1501351811071,815717e9-cd15-4d4e-b35c-a0206bc0aa24,100,100,1501351811240
834,1501351864823,815717e9-cd15-4d4e-b35c-a0206bc0aa24,100,100,1501351865342
835,1501351865520,815717e9-cd15-4d4e-b35c-a0206bc0aa24,100,100,1501352067490
836,1501352069107,815717e9-cd15-4d4e-b35c-a0206bc0aa24,100,100,1501352070285
837,1501352071186,815717e9-cd15-4d4e-b35c-a0206bc0aa24,100,100,1501352071429
838,1501352130578,815717e9-cd15-4d4e-b35c-a0206bc0aa24,100,100,1501352131438
839,1501352131542,815717e9-cd15-4d4e-b35c-a0206bc0aa24,100,100,1501352131576
840,1501352131635,815717e9-cd15-4d4e-b35c-a0206bc0aa24,100,100,1501352132759
841,1501352227153,815717e9-cd15-4d4e-b35c-a0206bc0aa24,100,100,1501352227342
842,1501352228360,815717e9-cd15-4d4e-b35c-a0206bc0aa24,100,100,1501352228815
843,1501352337804,815717e9-cd15-4d4e-b35c-a0206bc0aa24,100,100,1501352340908
844,1501352342709,815717e9-cd15-4d4e-b35c-a0206bc0aa24,100,100,1501352343967
845,1501352516940,815717e9-cd15-4d4e-b35c-a0206bc0aa24,100,100,1501352518755
846,1501352548234,815717e9-cd15-4d4e-b35c-a0206bc0aa24,100,100,1501352548849
847,1501352585760,815717e9-cd15-4d4e-b35c-a0206bc0aa24,100,100,1501352586334
848,1501352741080,815717e9-cd15-4d4e-b35c-a0206bc0aa24,100,100,1501352742081
849,1501352807567,815717e9-cd15-4d4e-b35c-a0206bc0aa24,100,100,1501352814889
850,1501352825239,815717e9-cd15-4d4e-b35c-a0206bc0aa24,100,100,1501352825324
945,1501352828712,08da45e3-bc56-4425-bad2-55d191676b79,100,51,1501363367800
851,1501352863679,815717e9-cd15-4d4e-b35c-a0206bc0aa24,100,100,1501352968305
852,1501353006299,815717e9-cd15-4d4e-b35c-a0206bc0aa24,100,100,1501353141892
853,1501353206406,815717e9-cd15-4d4e-b35c-a0206bc0aa24,100,100,1501353207709
854,1501354065568,815717e9-cd15-4d4e-b35c-a0206bc0aa24,100,100,1501354521414
855,1501354551049,815717e9-cd15-4d4e-b35c-a0206bc0aa24,100,100,1501354558799
856,1501354579208,815717e9-cd15-4d4e-b35c-a0206bc0aa24,100,65,1501385908881
537,1501358566865,3a915327-f2f0-4e05-ae5c-179b2ccfaec2,100,70,1501362570334
1204,1501363479549,d58c3cb9-2543-4258-8695-ac3e310ba3ac,57,18,1501396024398
538,1501364858049,3a915327-f2f0-4e05-ae5c-179b2ccfaec2,89,1,1501373472118
539,1501373473024,3a915327-f2f0-4e05-ae5c-179b2ccfaec2,1,1,1501373500273
540,1501373502530,3a915327-f2f0-4e05-ae5c-179b2ccfaec2,1,1,1501373511835
946,1501373519664,08da45e3-bc56-4425-bad2-55d191676b79,100,43,1501388104261
541,1501401872039,3a915327-f2f0-4e05-ae5c-179b2ccfaec2,100,1,1501431221954
857,1501406942952,815717e9-cd15-4d4e-b35c-a0206bc0aa24,100,100,1501406943491
1205,1501407448276,d58c3cb9-2543-4258-8695-ac3e310ba3ac,100,3,1501457387229
858,1501407626948,815717e9-cd15-4d4e-b35c-a0206bc0aa24,100,100,1501407627122
859,1501408605641,815717e9-cd15-4d4e-b35c-a0206bc0aa24,100,100,1501408606057
947,1501419188770,08da45e3-bc56-4425-bad2-55d191676b79,100,90,1501421453639
948,1501424425647,08da45e3-bc56-4425-bad2-55d191676b79,100,36,1501437596929
542,1501436674564,3a915327-f2f0-4e05-ae5c-179b2ccfaec2,78,10,1501457239770
949,1501440161366,08da45e3-bc56-4425-bad2-55d191676b79,75,75,1501440199729
860,1501447275584,815717e9-cd15-4d4e-b35c-a0206bc0aa24,30,27,1501449511813
950,1501448380781,08da45e3-bc56-4425-bad2-55d191676b79,100,21,1501473847636
861,1501449887546,815717e9-cd15-4d4e-b35c-a0206bc0aa24,29,29,1501449888100
862,1501451398790,815717e9-cd15-4d4e-b35c-a0206bc0aa24,42,42,1501451480572
863,1501452858452,815717e9-cd15-4d4e-b35c-a0206bc0aa24,57,55,1501461246887
1206,1501459211955,d58c3cb9-2543-4258-8695-ac3e310ba3ac,38,37,1501460354885
1207,1501461797267,d58c3cb9-2543-4258-8695-ac3e310ba3ac,68,36,1501468364820
864,1501463408387,815717e9-cd15-4d4e-b35c-a0206bc0aa24,79,74,1501467161161
543,1501463828621,3a915327-f2f0-4e05-ae5c-179b2ccfaec2,49,28,1501467203133
544,1501468763212,3a915327-f2f0-4e05-ae5c-179b2ccfaec2,39,39,1501468769297
865,1501468873010,815717e9-cd15-4d4e-b35c-a0206bc0aa24,88,80,1501490439802
866,1501490442824,815717e9-cd15-4d4e-b35c-a0206bc0aa24,80,80,1501490444178
867,1501490444408,815717e9-cd15-4d4e-b35c-a0206bc0aa24,80,80,1501490444903
868,1501490463749,815717e9-cd15-4d4e-b35c-a0206bc0aa24,80,80,1501490466426
869,1501490587793,815717e9-cd15-4d4e-b35c-a0206bc0aa24,81,81,1501490597510
870,1501491609077,815717e9-cd15-4d4e-b35c-a0206bc0aa24,89,3,1501537028555
1208,1501494664065,d58c3cb9-2543-4258-8695-ac3e310ba3ac,100,22,1501520755683
545,1501499704272,3a915327-f2f0-4e05-ae5c-179b2ccfaec2,100,19,1501544339895
951,1501500389714,08da45e3-bc56-4425-bad2-55d191676b79,100,22,1501515348141
1051,1501504783292,8229e049-dd7a-42d2-b037-3839b23be516,9,9,1501505294901
1052,1501511566106,8229e049-dd7a-42d2-b037-3839b23be516,23,15,1501516509391
1053,1501516522463,8229e049-dd7a-42d2-b037-3839b23be516,15,15,1501516529124
952,1501521618570,08da45e3-bc56-4425-bad2-55d191676b79,95,13,1501538746486
1209,1501522815113,d58c3cb9-2543-4258-8695-ac3e310ba3ac,68,3,1501559989801
1054,1501524826473,8229e049-dd7a-42d2-b037-3839b23be516,84,84,1501524833654
871,1501537167974,815717e9-cd15-4d4e-b35c-a0206bc0aa24,4,4,1501537173130
872,1501537173743,815717e9-cd15-4d4e-b35c-a0206bc0aa24,4,4,1501537173804
1068,1501537961308,8229e049-dd7a-42d2-b037-3839b23be516,100,10,1501633023502
873,1501538990858,815717e9-cd15-4d4e-b35c-a0206bc0aa24,20,6,1501548462594
953,1501540572279,08da45e3-bc56-4425-bad2-55d191676b79,38,38,1501540604046
954,1501545098316,08da45e3-bc56-4425-bad2-55d191676b79,84,84,1501545105537
955,1501545127085,08da45e3-bc56-4425-bad2-55d191676b79,84,38,1501554663567
874,1501548462851,815717e9-cd15-4d4e-b35c-a0206bc0aa24,6,6,1501548474193
546,1501548650855,3a915327-f2f0-4e05-ae5c-179b2ccfaec2,67,67,1501548756072
547,1501551467573,3a915327-f2f0-4e05-ae5c-179b2ccfaec2,97,96,1501551522080
875,1501554497735,815717e9-cd15-4d4e-b35c-a0206bc0aa24,69,68,1501554893112
876,1501555331635,815717e9-cd15-4d4e-b35c-a0206bc0aa24,70,69,1501555614287
956,1501555443386,08da45e3-bc56-4425-bad2-55d191676b79,47,47,1501555468464
957,1501555469208,08da45e3-bc56-4425-bad2-55d191676b79,47,47,1501555470907
877,1501555614376,815717e9-cd15-4d4e-b35c-a0206bc0aa24,69,69,1501555635512
878,1501555635575,815717e9-cd15-4d4e-b35c-a0206bc0aa24,69,69,1501555637250
879,1501555642957,815717e9-cd15-4d4e-b35c-a0206bc0aa24,69,69,1501555655166
958,1501558110918,08da45e3-bc56-4425-bad2-55d191676b79,78,78,1501558120118
959,1501558714606,08da45e3-bc56-4425-bad2-55d191676b79,80,80,1501558727252
1055,1501561077712,08da45e3-bc56-4425-bad2-55d191676b79,96,25,1501603063926
1210,1501561669555,d58c3cb9-2543-4258-8695-ac3e310ba3ac,42,38,1501579324232
1058,1501579628812,815717e9-cd15-4d4e-b35c-a0206bc0aa24,100,100,1501579629013
1059,1501579631810,815717e9-cd15-4d4e-b35c-a0206bc0aa24,100,5,1501630646189
1065,1501584508488,259cc994-877a-4e94-bb4a-06b44c30be47,83,52,1501606904671
1064,1501594437667,53f52117-1170-4972-af68-8ecbe2132e72,100,100,1501594437873
1066,1501606963166,259cc994-877a-4e94-bb4a-06b44c30be47,53,7,1501641807340
1056,1501609288826,08da45e3-bc56-4425-bad2-55d191676b79,98,98,1501609292343
1062,1501609637678,94311892-eecf-4de6-b127-2639da1764a7,6,3,1501610623795
1057,1501609748439,08da45e3-bc56-4425-bad2-55d191676b79,98,98,1501609943938
1069,1501615563212,08da45e3-bc56-4425-bad2-55d191676b79,100,91,1501617748703
1070,1501624398200,08da45e3-bc56-4425-bad2-55d191676b79,100,46,1501647323661
1063,1501627508217,94311892-eecf-4de6-b127-2639da1764a7,99,44,1501688027791
1060,1501631649876,815717e9-cd15-4d4e-b35c-a0206bc0aa24,16,13,1501634383518
1211,1501632352752,d58c3cb9-2543-4258-8695-ac3e310ba3ac,35,1,1501643588145
1067,1501644290444,259cc994-877a-4e94-bb4a-06b44c30be47,73,14,1501728531036
1095,1501666627113,815717e9-cd15-4d4e-b35c-a0206bc0aa24,100,100,1501666627818
1096,1501667983190,815717e9-cd15-4d4e-b35c-a0206bc0aa24,100,2,1501711939660
1212,1501669535137,d58c3cb9-2543-4258-8695-ac3e310ba3ac,100,5,1501712012326
1071,1501677937328,08da45e3-bc56-4425-bad2-55d191676b79,100,87,1501686232284
1072,1501712208938,08da45e3-bc56-4425-bad2-55d191676b79,51,42,1501714450606
1213,1501712946626,d58c3cb9-2543-4258-8695-ac3e310ba3ac,14,14,1501713524641
1073,1501714451008,08da45e3-bc56-4425-bad2-55d191676b79,42,42,1501714462343
1074,1501714463015,08da45e3-bc56-4425-bad2-55d191676b79,42,41,1501714499487
1214,1501714542788,d58c3cb9-2543-4258-8695-ac3e310ba3ac,23,19,1501718379362
1075,1501716140431,08da45e3-bc56-4425-bad2-55d191676b79,63,1,1501729219691
1097,1501719768714,815717e9-cd15-4d4e-b35c-a0206bc0aa24,82,63,1501729034091
1215,1501725436387,d58c3cb9-2543-4258-8695-ac3e310ba3ac,100,58,1501751306918
1223,1501728634983,259cc994-877a-4e94-bb4a-06b44c30be47,17,46,1501765666646
1098,1501738858357,815717e9-cd15-4d4e-b35c-a0206bc0aa24,100,100,1501738858451
1099,1501740326606,815717e9-cd15-4d4e-b35c-a0206bc0aa24,100,100,1501740326683
1100,1501741955063,815717e9-cd15-4d4e-b35c-a0206bc0aa24,100,100,1501741955409
1101,1501741955497,815717e9-cd15-4d4e-b35c-a0206bc0aa24,100,100,1501741955606
1102,1501741960229,815717e9-cd15-4d4e-b35c-a0206bc0aa24,100,100,1501741960410
1103,1501741967781,815717e9-cd15-4d4e-b35c-a0206bc0aa24,100,100,1501741967962
1104,1501741970244,815717e9-cd15-4d4e-b35c-a0206bc0aa24,100,100,1501741970434
1105,1501741973190,815717e9-cd15-4d4e-b35c-a0206bc0aa24,100,100,1501741973209
1106,1501741973266,815717e9-cd15-4d4e-b35c-a0206bc0aa24,100,100,1501741973361
1107,1501741973575,815717e9-cd15-4d4e-b35c-a0206bc0aa24,100,100,1501741973761
1108,1501741973992,815717e9-cd15-4d4e-b35c-a0206bc0aa24,100,100,1501741974155
1109,1501741974468,815717e9-cd15-4d4e-b35c-a0206bc0aa24,100,100,1501741974615
1110,1501741974834,815717e9-cd15-4d4e-b35c-a0206bc0aa24,100,100,1501741975086
1111,1501741977378,815717e9-cd15-4d4e-b35c-a0206bc0aa24,100,100,1501741977519
1112,1501741978193,815717e9-cd15-4d4e-b35c-a0206bc0aa24,100,100,1501741978402
1113,1501741979038,815717e9-cd15-4d4e-b35c-a0206bc0aa24,100,100,1501741979191
1114,1501741979859,815717e9-cd15-4d4e-b35c-a0206bc0aa24,100,100,1501741980116
1115,1501741980698,815717e9-cd15-4d4e-b35c-a0206bc0aa24,100,100,1501741980866
1116,1501741981180,815717e9-cd15-4d4e-b35c-a0206bc0aa24,100,100,1501741981382
1117,1501741982539,815717e9-cd15-4d4e-b35c-a0206bc0aa24,100,100,1501741982855
1118,1501741983046,815717e9-cd15-4d4e-b35c-a0206bc0aa24,100,100,1501741983099
1119,1501741983215,815717e9-cd15-4d4e-b35c-a0206bc0aa24,100,100,1501741983338
1120,1501741983491,815717e9-cd15-4d4e-b35c-a0206bc0aa24,100,100,1501741983651
1121,1501741983762,815717e9-cd15-4d4e-b35c-a0206bc0aa24,100,100,1501741983920
1122,1501741984173,815717e9-cd15-4d4e-b35c-a0206bc0aa24,100,100,1501741984283
1123,1501741984513,815717e9-cd15-4d4e-b35c-a0206bc0aa24,100,100,1501741984693
1124,1501741984892,815717e9-cd15-4d4e-b35c-a0206bc0aa24,100,100,1501741985113
1125,1501741985338,815717e9-cd15-4d4e-b35c-a0206bc0aa24,100,100,1501741985457
1126,1501741985733,815717e9-cd15-4d4e-b35c-a0206bc0aa24,100,100,1501741985892
1127,1501741987668,815717e9-cd15-4d4e-b35c-a0206bc0aa24,100,100,1501741987739
1128,1501748743547,815717e9-cd15-4d4e-b35c-a0206bc0aa24,100,100,1501748743699
1129,1501748743904,815717e9-cd15-4d4e-b35c-a0206bc0aa24,100,100,1501748744084
1130,1501750866273,815717e9-cd15-4d4e-b35c-a0206bc0aa24,100,100,1501750868518
1131,1501751472035,815717e9-cd15-4d4e-b35c-a0206bc0aa24,100,100,1501751472289
1132,1501751488392,815717e9-cd15-4d4e-b35c-a0206bc0aa24,100,100,1501751932636
1133,1501751933896,815717e9-cd15-4d4e-b35c-a0206bc0aa24,100,100,1501751935292
1134,1501751939044,815717e9-cd15-4d4e-b35c-a0206bc0aa24,100,100,1501751939663
1135,1501751966057,815717e9-cd15-4d4e-b35c-a0206bc0aa24,100,100,1501753450053
1136,1501753450212,815717e9-cd15-4d4e-b35c-a0206bc0aa24,100,13,1501812347077
1216,1501755647739,d58c3cb9-2543-4258-8695-ac3e310ba3ac,100,48,1501776143323
1076,1501759815430,08da45e3-bc56-4425-bad2-55d191676b79,100,53,1501786493941
1224,1501769525628,259cc994-877a-4e94-bb4a-06b44c30be47,100,20,1501832847744
1217,1501778939864,d58c3cb9-2543-4258-8695-ac3e310ba3ac,95,54,1501803255092
1077,1501789224957,08da45e3-bc56-4425-bad2-55d191676b79,66,43,1501791589489
1078,1501791631849,08da45e3-bc56-4425-bad2-55d191676b79,43,43,1501791648181
1079,1501796557382,08da45e3-bc56-4425-bad2-55d191676b79,90,54,1501801078085
1080,1501801272600,08da45e3-bc56-4425-bad2-55d191676b79,55,14,1501805924957
1218,1501803415148,d58c3cb9-2543-4258-8695-ac3e310ba3ac,56,56,1501803821459
1219,1501805993456,d58c3cb9-2543-4258-8695-ac3e310ba3ac,81,13,1501816343891
1137,1501812348299,815717e9-cd15-4d4e-b35c-a0206bc0aa24,13,13,1501812348424
1138,1501812348950,815717e9-cd15-4d4e-b35c-a0206bc0aa24,13,13,1501812349072
1139,1501812349368,815717e9-cd15-4d4e-b35c-a0206bc0aa24,13,13,1501812349425
1140,1501812349517,815717e9-cd15-4d4e-b35c-a0206bc0aa24,13,13,1501812349626
1141,1501812349703,815717e9-cd15-4d4e-b35c-a0206bc0aa24,13,12,1501812361795
1081,1501813176288,08da45e3-bc56-4425-bad2-55d191676b79,95,95,1501813188734
1142,1501834864308,815717e9-cd15-4d4e-b35c-a0206bc0aa24,100,100,1501834864842
1225,1501836843178,259cc994-877a-4e94-bb4a-06b44c30be47,99,43,1501854613998
1143,1501839008249,815717e9-cd15-4d4e-b35c-a0206bc0aa24,100,100,1501839008700
1144,1501841476656,815717e9-cd15-4d4e-b35c-a0206bc0aa24,100,27,1501883396612
1220,1501842155279,d58c3cb9-2543-4258-8695-ac3e310ba3ac,100,5,1501893141779
1082,1501846215066,08da45e3-bc56-4425-bad2-55d191676b79,100,89,1501851068584
1083,1501852781856,08da45e3-bc56-4425-bad2-55d191676b79,100,79,1501857789868
1226,1501855206109,259cc994-877a-4e94-bb4a-06b44c30be47,58,5,1501897213819
1084,1501857792314,08da45e3-bc56-4425-bad2-55d191676b79,79,79,1501857793007
1085,1501858906660,08da45e3-bc56-4425-bad2-55d191676b79,94,93,1501858989954
1086,1501860025951,08da45e3-bc56-4425-bad2-55d191676b79,100,100,1501860027659
1087,1501860028001,08da45e3-bc56-4425-bad2-55d191676b79,100,100,1501860028228
1088,1501863682004,08da45e3-bc56-4425-bad2-55d191676b79,100,88,1501865063367
1089,1501865234249,08da45e3-bc56-4425-bad2-55d191676b79,89,2,1501888009359
1090,1501888013272,08da45e3-bc56-4425-bad2-55d191676b79,2,2,1501888024404
1091,1501888026215,08da45e3-bc56-4425-bad2-55d191676b79,2,2,1501888054383
1092,1501888059772,08da45e3-bc56-4425-bad2-55d191676b79,2,2,1501888060509
1145,1501888088618,815717e9-cd15-4d4e-b35c-a0206bc0aa24,78,78,1501888107038
1146,1501888110069,815717e9-cd15-4d4e-b35c-a0206bc0aa24,78,78,1501888287065
1093,1501888580906,08da45e3-bc56-4425-bad2-55d191676b79,7,7,1501888585209
1147,1501888644718,815717e9-cd15-4d4e-b35c-a0206bc0aa24,81,81,1501888644994
1148,1501888659544,815717e9-cd15-4d4e-b35c-a0206bc0aa24,81,81,1501888687642
1149,1501888688699,815717e9-cd15-4d4e-b35c-a0206bc0aa24,81,52,1501903704969
1094,1501889322632,08da45e3-bc56-4425-bad2-55d191676b79,9,9,1501889335983
1221,1501893799438,d58c3cb9-2543-4258-8695-ac3e310ba3ac,17,7,1501901694790
1227,1501899471229,259cc994-877a-4e94-bb4a-06b44c30be47,45,5,1501910581148
1222,1501907548119,d58c3cb9-2543-4258-8695-ac3e310ba3ac,100,88,1501923328771
1228,1501912998877,259cc994-877a-4e94-bb4a-06b44c30be47,68,57,1501914263553
